1.2674
1.0408
1.3550
1.1693
0.1904
1.3794
0.4685
0.6673
1.1209
0.4074
0.3198
0.1611
0.1470
1.1821
1.1571
0.7886
0.6741
1.1296
0.6399
0.6419
0.9362
1.5953
0.6396
0.8892
0.4943
0.5436
0.7523
2.8936
1.0257
0.8563
1.0256
1.5449
1.2814
1.4790
0.4674
0.8475
0.5489
1.5552
0.8227
1.2177
1.1162
1.8345
1.3768
1.4254
0.4900
0.9424
1.3468
0.7689
0.8357
0.7928
0.7413
0.8834
1.0139
0.6850
0.8012
2.4607
1.1685
2.2889
1.7803
0.5252
0.8913
0.9787
2.7219
0.7840
1.1696
0.8237
0.5538
0.6577
0.5224
0.6916
0.6995
1.2548
1.6101
1.1308
1.1953
1.3807
0.9510
0.6653
1.2980
0.8351
2.1905
0.7141
0.9347
1.1112
1.2366
0.7050
0.7282
0.7186
0.8840
1.0964
0.8977
1.2868
1.4638
0.7231
0.7279
0.7419
1.0992
0.6334
0.9905
2.5716
0.9350
0.6216
1.2942
0.9917
1.1834
0.8808
0.6798
1.3565
1.7156
0.8081
1.3586
1.4571
0.6286
1.6347
0.7269
1.6103
0.9366
0.7794
0.6085
0.6625
2.2085
0.5613
1.1895
0.6315
0.7490
1.2898
0.8433
0.3945
0.8422
0.5371
0.8320
0.5060
0.8884
0.5153
0.5711
1.2084
1.2142
0.3051
0.7394
1.2368
0.8538
0.2321
1.0340
0.7303
1.7274
0.4791
1.2735
0.5809
2.0742
0.7812
0.7625
0.7403
1.1699
0.7573
0.6850
1.7099
1.1687
0.9441
0.7875
1.0615
1.1742
0.8622
0.7150
1.1551
0.6708
1.8475
0.9605
1.0900
0.4811
0.8294
0.4005
1.0737
0.5126
0.2450
0.0889
0.5866
0.9709
1.0429
1.5330
1.3352
1.5214
0.8513
0.9634
0.7459
0.8170
1.3194
1.0694
0.6791
0.0242
0.0252
0.6244
0.3177
2.6454
0.8783
2.7866
1.0658
1.4244
1.1392
0.7892
0.6784
0.4622
2.2272
0.5973
0.0680
0.5613
1.2182
1.0287
0.2160
0.1181
0.5792
0.0106
1.5158
1.9124
0.2499
1.1441
0.6008
0.7331
0.7323
0.7079
0.5528
0.8055
0.9383
1.1158
0.8498
0.6832
0.5280
0.5020
1.1042
1.2138
0.8161
2.4842
1.2413
0.9615
0.5275
0.6197
0.7920
0.6036
0.8366
1.7150
0.0806
0.9296
0.6070
0.9122
1.3313
2.2195
0.9426
0.7938
0.3150
1.6362
0.5750
1.0793
1.0769
0.9116
1.3287
2.1927
1.1170
0.0683
1.2266
3.3543
0.3835
1.1827
0.9425
0.7369
1.2207
2.1237
1.0220
2.3418
0.9155
1.3010
1.1625
1.5562
2.5704
1.7900
2.2007
1.1113
1.5692
2.6025
1.2732
2.4573
2.5181
0.5269
1.8728
2.3574
2.1979
1.4038
2.0602
0.8252
0.3682
0.5481
0.7705
1.6782
0.3931
1.0743
4.0534
2.6314
0.8790
0.7655
0.8133
0.9280
0.9046
0.9112
0.9223
0.8126
1.4235
1.0754
1.4710
0.7835
1.1950
1.0636
0.7696
1.6611
2.2193
1.0157
2.8333
2.2679
0.5404
1.0081
1.2476
0.9341
1.3071
1.3923
1.5302
1.1036
1.6266
1.0151
1.7728
0.3134
0.1173
1.0191
0.3924
0.4451
1.5951
0.2630
1.2637
0.8090
1.3175
2.5141
2.6397
1.2600
0.4636
0.4833
1.1458
2.4159
0.1827
0.4798
1.8371
1.0369
1.8798
2.1745
0.0841
0.3828
0.0402
0.1815
0.6998
0.5608
0.1449
1.3585
0.8237
0.1221
0.1586
0.6574
1.0140
1.3508
0.5656
2.0133
0.1143
0.8550
0.5166
0.6527
1.0158
1.8587
0.1250
0.6696
1.4730
1.3678
0.8724
1.2825
1.0226
0.9055
0.7565
3.3916
2.3301
2.0454
2.4902
1.3208
0.9256
2.2383
1.8630
1.4000
0.6421
1.3307
0.6719
0.8043
0.6546
1.2918
2.9224
2.0203
0.5419
1.1591
0.5484
2.1441
1.2788
1.5140
2.1030
1.9761
0.9672
0.4488
0.5080
0.0802
1.2408
1.0885
0.4792
1.4128
1.0250
0.9469
1.4635
0.5735
0.7307
0.9266
0.5921
0.5846
0.7336
1.4618
0.9200
1.1211
1.2466
0.8917
1.3477
0.7716
1.0443
0.5872
0.5877
0.6197
1.1374
0.6054
0.8161
0.8147
0.5390
0.6165
0.6027
1.6958
0.5841
1.2874
1.2271
0.6913
0.7015
2.3707
0.6193
0.3112
0.3177
1.3793
0.5733
2.5548
0.6439
0.9857
0.3476
1.7266
0.1070
0.3609
0.7289
0.8156
0.5921
1.3332
0.7368
0.8584
1.7731
1.6791
1.6827
1.8614
0.6661
0.6886
0.9066
0.3756
0.2867
0.7418
1.2043
1.7332
0.7611
1.1451
2.0870
0.4983
1.3617
0.4462
1.6042
0.4399
0.7658
0.9569
0.5782
1.3429
1.5382
0.6759
0.5691
0.5764
1.0003
1.6507
1.7111
0.5587
1.3253
1.0458
0.7051
0.8812
0.5601
0.4828
1.0555
2.3931
0.7856
0.6035
0.4870
0.8250
0.0341
1.4565
0.9934
0.9583
0.6369
0.6604
0.3840
0.7346
0.6227
0.6841
1.8324
1.1181
0.7757
0.8520
0.6209
0.7896
1.2633
1.4141
1.7933
0.1058
1.1736
0.1461
1.1255
0.8293
0.9682
1.1222
0.8403
0.7359
0.7758
0.7093
0.6332
0.5952
0.7105
0.6429
1.5065
2.6838
1.0889
1.0337
2.3889
2.0655
1.9861
1.2130
2.0318
1.2376
1.1179
0.2375
0.8585
0.9359
0.3618
1.2170
0.9903
1.0688
0.9985
1.2600
1.0720
0.6038
1.1164
1.3151
1.0143
1.0424
1.0013
0.7199
0.9193
0.5503
0.7630
0.6886
0.0555
0.6593
0.8309
0.6873
0.5434
0.5623
0.6046
2.4583
0.9305
0.9170
0.8196
0.9593
0.6692
0.6735
0.6437
0.8240
0.9573
0.8378
1.1456
1.1885
0.8292
0.6014
1.4370
1.3028
1.1813
0.0815
2.0424
0.5921
1.7361
1.5355
0.0768
0.0603
0.7002
2.5360
1.3237
1.1101
0.1967
0.5493
0.2383
0.7492
0.7739
2.0529
0.4575
0.7868
0.5268
0.8229
1.0296
0.3289
0.0125
1.0095
1.0980
0.8839
0.6975
1.7638
0.4529
0.4995
0.9919
2.3874
0.8243
0.9401
0.8833
0.3958
0.7701
1.8870
1.9470
1.0795
0.2003
0.9671
2.1161
0.8969
0.9912
0.0200
0.0000
0.0904
0.0112
1.3709
0.6619
1.3496
0.8223
0.5862
0.6509
0.6005
0.6514
0.6205
0.4669
0.9123
0.6321
0.4312
0.4592
1.0721
1.0377
0.5532
2.6295
1.2961
0.7012
1.3173
1.6850
1.0369
1.4505
1.1625
0.6834
1.1422
0.1120
2.7768
0.5576
1.0580
0.7265
1.2173
1.2340
1.2310
1.8923
0.5712
0.8491
0.6320
0.5465
1.4161
1.1139
0.6650
1.2275
1.0118
0.5538
0.7857
0.6039
0.5267
0.4309
0.9709
0.7806
0.6132
0.4863
0.7548
0.4337
3.0000
2.3314
1.0734
1.0567
0.8985
0.7246
0.7334
1.0294
2.0855
1.7705
0.2949
1.0770
1.2135
0.6132
1.3062
0.9512
0.8121
1.8074
1.0235
2.7725
1.2457
1.5283
1.0636
0.7621
2.4591
1.0326
2.2873
2.0542
1.4591
0.7403
1.0770
0.2996
0.5556
0.7498
0.6216
0.7352
0.9981
1.7685
1.3647
0.7002
0.6577
1.3443
0.6483
1.0360
0.7255
2.8051
1.9966
0.1842
0.8646
2.6013
1.0489
1.3486
0.4021
1.2119
1.3216
1.2661
1.2490
0.6933
0.9995
0.8376
0.8282
0.7470
2.2203
2.7698
0.8086
1.3904
3.6605
1.9537
1.0243
1.7348
0.9800
1.0063
0.7026
0.8044
0.9242
1.1988
0.7134
0.7233
0.5998
1.6646
2.3591
0.4378
2.5100
0.4329
1.6996
0.5958
2.2557
0.3092
0.7698
1.9123
1.9197
2.4520
1.0377
0.6071
0.4137
0.1914
0.8127
1.6257
0.1684
0.9141
0.9793
1.6768
0.8472
0.6580
0.5278
0.7542
0.6493
0.5486
0.9320
2.2311
1.2627
0.6344
0.4755
0.4171
0.4822
0.7052
0.8075
0.7800
0.4736
0.7561
0.7719
0.6275
0.5355
0.6400
0.6497
0.9430
0.5577
1.0517
0.7904
0.8948
0.8552
0.7236
0.9678
0.7947
0.7745
0.4980
1.4370
1.0198
0.6097
0.6570
0.9288
2.5310
0.6012
0.2023
0.6411
0.3118
0.4160
0.9667
0.9304
0.9056
0.5390
0.5958
0.9194
1.6611
1.2889
1.6823
1.0412
0.8542
0.8525
1.0425
0.7003
0.3566
0.1653
0.2319
1.0468
0.0279
1.1011
0.1744
0.3285
0.5813
0.2375
0.4138
1.7738
0.4156
1.1882
0.4567
1.1181
0.1359
2.6333
2.0870
0.1589
0.0462
0.6456
1.2720
0.9347
0.2340
1.5195
1.9672
1.2680
1.0469
0.8313
0.8343
0.7063
0.7275
0.4973
0.4390
0.5981
0.8643
0.6315
1.8131
0.3270
0.8281
0.2128
0.2289
0.3260
0.7675
2.4980
0.2138
0.6699
0.5265
0.3313
0.8907
1.2947
0.7427
1.8185
0.9080
1.4369
2.9907
1.5219
1.8551
0.6008
1.8045
0.6219
0.5112
0.7252
0.5735
0.5599
0.8827
0.6723
0.4269
0.5063
0.5499
0.6700
0.9873
0.8479
0.6417
0.5950
1.0461
1.2170
0.5725
0.4994
0.7735
2.0878
1.0435
0.6634
1.5948
1.6955
1.0311
2.5526
1.2049
1.5243
0.8482
1.6331
1.2149
1.8109
1.9055
1.1760
1.3566
2.3418
2.7670
0.7425
2.1367
1.1950
0.8624
0.6402
2.6115
0.7667
1.5199
0.5041
2.6190
1.0657
0.8328
1.1747
2.3885
0.1818
1.7632
0.5747
1.9721
0.9819
1.0064
1.3251
1.6298
0.5023
0.6602
1.2637
1.5086
0.9249
0.7723
1.1759
1.2348
0.7394
1.8980
2.2841
1.1774
1.0660
0.1179
1.0901
1.1620
0.9887
0.8260
2.2685
1.0343
1.7390
0.6671
0.5396
0.5549
0.6719
0.6694
1.0547
1.2565
0.8709
0.4482
0.4529
1.7967
0.8493
0.5460
0.4494
1.0032
0.6528
1.1308
0.3280
0.4404
0.7767
0.2453
0.5496
0.4849
1.1589
0.6390
0.5188
0.8392
0.5733
0.6464
1.8970
2.0747
1.0494
0.7151
0.7143
0.6231
0.9128
0.8797
0.4947
0.7661
0.8259
0.7189
0.4920
1.2433
0.6039
0.6999
1.4157
0.9379
1.4213
1.3432
0.9418
0.9313
0.9472
0.5959
1.0985
0.6009
0.5678
0.6123
0.7516
0.7197
0.9566
1.0302
0.9893
0.7720
1.3123
1.0118
1.9289
0.6720
1.3221
0.5619
0.6375
0.7453
1.0306
0.7957
1.2159
1.6235
3.3680
0.5562
0.7896
0.7281
1.0720
0.6920
1.9757
0.8286
1.4006
0.4905
0.6201
0.9581
1.9237
1.2799
2.3443
0.9485
0.3789
0.8917
2.6488
0.8409
0.3606
2.8561
0.5690
0.5494
1.0993
0.5462
1.2559
3.1627
0.4063
0.6862
0.8083
0.9808
0.9207
1.0574
0.9408
0.6031
0.0147
0.2423
0.7922
1.1644
0.7763
0.3764
0.5320
0.8926
0.6723
0.5936
1.6420
0.8243
1.0592
1.3022
0.7906
1.0834
0.4744
1.6796
0.7701
0.8591
0.6604
2.4274
0.7171
0.0406
1.5454
0.2606
0.7096
0.4475
1.2907
1.8345
0.3531
0.7952
1.5135
1.9777
0.8856
2.7285
0.5662
0.1859
0.7353
0.4097
0.9900
0.8076
0.8828
0.5317
1.8717
0.9460
0.6510
0.9238
0.7052
1.1595
2.0260
1.1926
1.2634
0.6630
0.9332
2.2366
0.8551
0.7965
0.7782
1.6836
0.9538
0.5684
0.9113
1.6300
0.3641
0.4986
1.0131
0.7504
0.6569
0.7653
0.9434
0.7456
0.6800
1.1269
0.5269
0.7974
0.4679
1.6169
0.5265
0.8580
0.5447
0.6646
1.1073
0.6840
1.2231
0.7044
0.9569
0.4975
0.7802
0.5772
0.6843
1.2011
0.7451
0.6052
0.8865
0.8447
0.5303
0.8041
0.9253
0.7123
0.9124
0.6487
1.3431
2.2028
0.7274
0.7453
0.6588
0.8791
0.5732
0.5152
0.7534
0.1036
1.5776
1.4494
0.7944
2.0144
1.6699
1.1212
1.0524
0.1709
0.8520
3.1723
0.8457
0.6833
0.7524
0.5606
1.5520
1.1183
0.9838
0.8066
2.7242
1.4295
0.6205
1.3533
3.3862
0.4595
0.1449
0.7671
0.6434
1.3697
1.2232
1.1436
0.9389
2.8756
0.6186
1.4620
1.0898
0.4440
0.5679
0.7156
0.6190
0.6408
0.5880
0.4499
0.5529
0.5629
0.6455
0.6309
0.5672
0.5273
0.6459
0.4684
0.5523
0.9580
0.5829
0.8173
0.5479
1.5568
0.9682
0.8907
0.8475
0.4478
0.8413
0.9192
0.5180
0.8650
0.7107
0.3423
0.9918
0.8207
0.7999
0.5033
0.7173
0.6139
1.3536
0.6077
0.6715
0.7726
0.6403
0.5651
0.8700
0.2533
0.7687
1.1795
1.1017
1.4139
1.0081
1.2505
2.2620
0.7187
0.7129
1.8216
0.6039
0.5530
0.7771
0.8785
0.5560
0.7592
0.8952
1.0041
0.6111
1.7717
0.3958
0.5540
0.6427
0.8703
0.4239
0.5209
0.6989
0.4876
0.7658
0.9797
0.9447
0.6708
0.6075
0.7776
0.7374
1.2389
0.4742
1.0677
0.6627
0.2955
0.9496
1.0702
1.0238
1.0509
0.5626
0.3980
1.1363
1.5571
0.1248
0.2303
0.2987
0.2548
0.9930
0.9002
1.1520
1.4215
1.0923
0.5344
0.6714
0.8639
0.7266
2.2238
1.2422
0.6857
1.2797
1.9413
0.9507
0.5431
1.4543
0.9297
1.9252
1.4992
1.4643
0.6043
1.5619
0.1208
1.1327
1.0743
0.3878
1.1100
0.3658
1.2130
0.7748
0.9260
0.3619
1.2105
1.0179
1.4946
0.8199
0.7931
1.0901
0.6666
1.5056
0.7568
1.2604
0.8495
0.6598
1.2984
1.0676
1.5445
0.6167
0.7304
1.8647
1.7005
1.2060
0.7184
0.7585
1.2203
1.4930
0.6303
0.7027
0.6575
0.1863
0.9223
0.9168
1.7578
0.8159
0.9204
2.5986
0.8387
2.3344
0.6121
0.1783
1.5427
0.8687
0.6435
2.5379
0.1874
0.1287
0.0779
0.8548
1.0604
0.2483
0.7686
1.3540
0.6921
1.3891
0.4531
0.6456
0.8141
0.9101
0.6284
1.2256
0.7218
0.9167
1.0727
0.7246
0.7357
0.7911
0.7274
0.6950
0.9477
0.5863
1.5009
0.6906
0.7066
0.7218
1.8810
1.7030
0.7337
0.5506
0.8492
1.1379
0.8533
0.5055
0.9192
2.7279
0.9097
0.8446
0.7541
0.9499
2.8331
2.8777
1.4808
0.6920
0.9626
1.0380
1.4031
0.7746
0.9240
0.3838
1.2318
0.5985
1.0890
2.2185
0.8172
0.9156
0.6203
1.1517
0.9778
0.9078
0.3400
1.5441
0.9659
1.0428
0.9970
0.3805
1.0095
0.8169
0.7815
2.2867
0.9949
1.3982
2.3098
0.7533
1.4390
0.8876
0.0746
1.0943
0.2647
1.0965
2.1509
1.5937
0.9863
2.0227
1.7386
0.4569
1.9930
1.3470
0.6996
0.7860
0.9877
0.8244
0.6771
0.8870
0.8599
1.2996
0.6291
0.3317
1.6195
0.0561
0.4692
0.9721
2.2502
0.0187
2.4752
1.5418
0.7923
1.3675
1.7434
1.6602
0.7788
0.6811
0.8682
0.6431
0.7699
0.5926
0.8325
0.6040
1.9836
0.8226
0.4249
0.4893
0.3159
0.5676
1.3273
0.0306
0.6434
1.2973
0.1937
2.2496
0.8310
0.8975
0.7959
0.5610
1.1739
0.8619
0.1674
0.6039
0.7718
0.9718
0.5562
1.1748
0.5039
1.2922
0.0560
0.1850
1.9682
1.0065
1.0457
2.0578
2.0210
0.9457
1.8125
2.5343
1.4390
1.3085
1.8509
1.1660
1.8907
0.5812
0.6537
0.6254
0.5968
1.2332
0.8714
0.6497
0.7152
0.5359
0.8041
1.3638
0.6994
0.4061
0.0843
1.6606
0.7579
0.5966
0.6432
1.0794
0.8452
1.1247
0.3020
0.8688
0.9159
0.0105
0.0146
0.1199
0.1117
0.1305
0.0548
0.0575
0.0294
0.3969
0.0723
0.4421
0.8207
0.5096
0.5796
0.6821
0.7284
1.5408
1.3173
0.6385
0.6369
0.6083
0.7158
0.4762
0.4623
0.4266
0.6046
0.7200
0.7657
0.6053
0.9031
0.6960
0.9059
0.7640
1.1342
1.6690
2.8157
1.5449
0.7909
0.7229
1.0759
0.6770
0.6497
1.1020
0.8854
0.5664
0.7904
0.9229
0.5093
0.8169
0.6487
0.8949
0.5107
0.6249
1.0060
0.1982
1.7091
2.0041
0.8297
1.7845
0.1432
0.6705
0.5750
0.7890
3.4403
0.7142
1.5795
1.1141
1.0033
0.6129
1.4512
0.6609
0.6837
0.8445
0.7537
1.7652
1.1448
0.5277
0.5865
1.6710
1.6336
1.6573
0.5672
1.1353
0.8045
0.6172
0.7541
1.5127
0.7687
1.9593
1.9358
1.6293
0.0924
0.8649
0.0575
0.3049
3.0444
0.5350
0.8738
1.2353
0.5052
0.8935
0.6784
1.7431
1.3247
1.0225
1.2880
0.6959
1.0797
1.2667
0.5175
1.2360
1.9251
1.4814
0.7461
0.1350
0.1323
1.8252
1.0570
1.0527
0.6268
0.9853
0.2375
1.8676
0.2304
0.1632
1.4874
0.0625
0.5959
1.2549
0.7176
1.7937
0.6125
0.5713
0.9928
0.3881
0.5026
0.8290
0.5562
0.7102
1.1790
0.2772
0.6771
1.2625
0.7015
0.8770
0.5726
0.5468
0.3229
1.1235
1.4665
0.6764
0.9416
0.8687
0.2658
0.5697
0.9143
1.2303
0.7876
0.2690
0.4099
1.9121
0.9385
0.5729
0.2511
1.0846
1.6876
0.9616
0.5051
0.6772
0.8181
0.7491
0.4532
1.7957
0.6617
0.9247
0.9655
1.2695
0.4186
0.8762
1.0544
0.7713
1.0704
0.5939
1.4413
0.6169
0.8141
0.0117
1.5844
0.6856
1.2037
0.6700
0.2910
0.9046
2.0422
1.0296
0.8076
0.7382
1.0861
0.2913
0.4068
0.4183
0.3276
0.7088
0.9742
1.0611
1.7765
1.1230
0.9454
1.3274
0.8484
1.0832
0.4738
1.2368
0.6318
0.9547
0.0817
0.5002
1.6949
1.0611
0.8703
0.7721
0.8531
1.1992
0.6253
0.5040
1.1407
0.4425
0.9476
0.8468
0.7424
0.2752
0.6566
0.9775
0.5479
0.9111
0.5790
0.5115
0.8122
0.1975
0.1736
0.9937
0.8353
1.0126
0.2972
0.9029
0.0459
0.6416
0.8241
0.4404
0.9834
1.3886
1.3173
0.6061
0.8558
0.1130
0.7710
0.7798
0.8811
0.7835
0.8036
1.0110
0.9359
0.0935
1.1618
0.7952
0.1580
0.7842
0.1805
0.8787
0.7412
0.6856
0.6357
0.6711
1.1343
1.0608
0.2759
0.2034
0.7400
0.6655
1.0751
0.5104
2.4146
1.6933
0.3971
0.9658
0.9079
0.6875
1.3449
0.7770
0.8135
0.5603
0.6484
1.1264
0.8412
0.5224
1.1937
0.7840
0.8551
1.0413
0.5825
1.4050
1.0073
0.5734
0.5698
0.3919
0.7623
0.6123
0.2088
0.8369
0.6939
0.8171
0.0347
0.6645
0.7796
0.9270
0.9206
1.0500
0.6213
0.7244
1.7596
2.1620
1.9502
0.5800
1.0850
1.9105
0.9653
0.9837
1.1145
1.5353
0.4656
0.3007
1.3373
0.3534
1.9339
1.7911
1.3914
0.8293
1.2242
0.8432
0.3994
0.7875
0.8525
0.4368
1.0709
2.4954
0.6795
0.7474
0.6256
0.7514
0.5808
0.3993
0.4119
1.2350
0.7505
0.1600
0.8219
1.0875
0.1382
1.9988
0.9682
0.6925
0.2105
0.4506
0.3113
1.0697
1.8437
0.9409
0.8514
0.1892
0.7967
1.3548
1.7740
1.4067
0.9349
0.2139
0.5282
0.5328
0.4740
0.7405
0.6606
0.7893
1.4890
0.9730
1.3942
1.5999
0.0496
1.0821
0.7189
0.6052
0.8539
2.4488
1.1320
0.1118
0.1239
2.0569
0.4076
0.5820
0.2892
0.9804
1.2418
0.9511
1.1728
0.6785
1.0550
0.1806
0.0283
1.0440
0.0297
0.7783
0.0805
1.0984
0.5254
1.4074
0.8985
2.1199
0.3981
1.1710
1.0394
0.8553
0.6573
0.6389
1.4375
1.1543
1.6328
0.7926
0.8785
1.3461
0.8301
1.4427
1.0562
0.5967
0.9055
1.2552
0.3264
0.0842
1.5081
0.9328
0.9270
1.1484
0.7019
0.5102
0.5944
1.1820
0.3971
0.0558
0.5898
1.2505
1.3694
0.7108
0.2622
1.1192
1.2511
1.3091
0.5690
0.8328
0.2083
2.0843
0.8260
1.1460
0.1854
1.0823
0.2585
1.2254
1.2497
0.0483
0.7681
0.6492
1.0559
1.0045
0.3357
0.3286
0.8000
1.0618
0.7604
0.7493
0.8363
1.3479
0.2652
1.8636
0.8950
1.1922
2.0314
0.7542
1.6859
0.1743
0.5204
0.3107
0.6538
0.3872
0.6335
1.6660
1.1326
1.0068
0.5750
0.6705
0.5076
1.7279
0.7301
0.8856
0.6583
1.0002
0.9170
0.6409
1.5779
0.3374
1.5520
1.1164
0.2866
0.5691
0.7681
0.4171
0.6756
1.1973
1.6599
1.4590
0.6786
0.8080
0.3895
1.0477
1.5703
0.5528
0.2181
1.0922
0.6325
0.2314
0.8569
1.4251
1.0503
0.5790
1.1838
0.8959
1.4824
0.6699
0.3287
0.7097
1.8581
0.0094
0.9951
1.3436
0.7848
1.1792
0.6379
0.4816
0.3869
0.6905
0.6697
0.5535
0.9917
0.6912
0.9477
0.6358
0.5938
0.6200
1.0360
0.7311
0.7566
0.7305
1.2375
0.5128
0.3944
0.7062
0.7418
0.5523
0.7034
0.9151
0.7619
1.1930
1.3517
0.2868
0.3359
0.8158
0.7783
1.0238
0.6261
0.5656
0.8328
1.2462
0.7562
2.3259
1.1001
3.3869
0.8034
1.2655
1.4122
1.2275
0.5455
0.0322
0.7190
0.8449
0.6995
0.5139
0.6508
0.6898
0.3198
0.3521
0.9225
0.9190
0.3547
0.6628
0.9514
0.7396
0.9755
0.4264
0.3707
1.0901
0.9284
1.0645
0.9101
1.2680
0.1811
0.3886
0.0511
1.0869
0.8578
0.7982
1.0298
1.0060
1.6394
1.0004
0.4179
1.0378
0.7009
0.9534
0.6278
0.6183
1.1251
1.0223
0.9788
1.0202
1.1410
0.5632
0.5806
2.8948
1.1380
1.7706
1.4921
1.3525
2.6553
1.4449
2.3137
0.4441
0.9074
0.6179
0.1807
1.7621
2.2766
1.1105
0.7221
0.7330
0.9677
0.6975
1.7801
0.8969
1.9480
0.0046
0.9125
0.6637
1.7058
0.1428
0.7969
1.0325
2.1439
1.6037
1.1656
1.1345
1.0045
2.0702
1.0110
1.9978
1.4380
2.2032
0.9124
2.1233
1.8966
2.2089
1.0463
1.0305
0.9774
1.6625
0.8472
0.5139
1.0414
2.1368
1.8878
1.1979
0.3935
0.8192
1.4601
0.7942
0.0486
0.6804
0.5605
0.8448
1.5783
1.1021
0.9657
1.1119
1.3921
3.3888
0.4579
2.7933
3.7401
0.7929
1.2385
0.4945
0.7989
1.5893
2.7229
1.3363
1.2181
1.4612
0.3303
0.7085
0.7399
0.8685
0.6134
0.9309
0.2585
0.3056
2.1798
0.8840
0.1614
0.5286
1.5524
1.0118
1.4067
1.8743
1.5767
0.7905
1.4951
0.9566
1.1242
2.0468
1.5200
1.4461
1.3131
0.9351
1.5152
0.6544
0.0069
0.7560
0.4732
0.8651
0.6218
0.5789
0.6656
0.8575
0.6403
0.8120
0.7120
1.3860
0.9852
0.6445
0.7031
0.9914
0.8572
1.7835
1.0435
0.7450
1.1701
1.5165
1.4237
0.1664
0.5517
0.8472
1.2703
0.7123
1.1937
0.4913
0.7987
1.0515
1.2795
0.8752
0.5508
0.5902
1.0403
0.6102
1.6341
1.4967
0.8844
1.6370
0.4288
0.3783
0.5315
1.6351
1.1381
0.6921
1.3841
0.5874
0.6895
1.8320
0.7399
0.5842
2.3626
1.2031
0.8996
1.2953
0.5952
0.5111
0.8792
0.6672
0.8306
0.7681
1.0316
1.6314
0.9653
1.8090
0.1213
1.1818
0.8804
1.3107
1.1597
1.0986
1.6750
1.2365
0.5674
0.7821
1.8194
1.7865
0.7721
0.5031
0.8430
1.3453
2.4335
0.5164
0.6092
0.6671
0.9081
0.1759
0.8365
0.1975
1.0975
2.0265
2.5378
0.3244
0.4830
1.2895
1.6252
0.6095
1.1377
1.0084
0.7577
2.2617
3.2113
1.0851
2.8999
1.0123
1.1904
0.4861
0.4457
0.5957
0.6655
0.7564
0.6924
0.7355
0.6368
0.6180
0.4693
0.8996
0.4998
0.5057
0.6502
0.5008
0.6189
0.3445
0.7739
0.8026
1.0876
1.0630
0.5221
0.5420
2.0053
0.7682
0.8120
0.7855
0.6630
1.3364
1.2750
0.2738
0.5713
0.8138
1.5654
2.4326
1.7912
1.0242
0.8269
0.8686
0.6644
0.5365
0.9744
0.6108
1.0157
1.1375
1.0250
0.7296
1.0261
0.7905
0.8179
1.0629
1.1531
0.5950
0.6866
0.8599
1.2298
0.7785
1.0941
0.6613
0.0112
1.9442
0.8151
1.0293
0.6488
1.0406
1.6986
1.3084
1.2660
0.8496
1.4120
1.4028
1.1267
1.7802
0.9207
0.9486
0.2349
0.8312
1.9252
1.0393
1.8523
1.2620
0.4022
0.9321
1.8878
0.8062
0.9758
1.2078
0.9543
0.0525
1.4829
0.5982
1.9789
0.8095
1.3284
1.5582
0.6620
1.1154
0.1800
0.9797
0.3039
0.9200
1.3546
0.1260
0.5098
0.8695
0.8012
0.9531
0.7557
0.8127
0.6752
0.6526
1.1193
1.7185
1.0430
0.5498
1.1061
0.8123
1.3430
0.6138
1.3746
1.3100
0.2265
0.7600
0.7734
0.5795
1.0508
1.0312
0.7337
0.8326
0.8362
0.7942
0.5377
0.8380
0.5684
1.0302
1.1472
0.1595
1.1744
1.0696
0.9712
0.5122
0.7393
2.4944
1.5687
0.5185
0.2669
0.4505
1.4844
0.9242
1.2238
1.1443
1.0402
1.1452
1.0785
0.8979
1.8002
1.0133
0.4761
0.5181
0.4143
2.1505
0.7241
1.5811
0.9061
0.7751
0.6369
1.7522
1.5173
1.3408
0.8549
0.7571
0.7137
0.6534
0.6398
1.0874
0.9667
0.8734
0.1247
0.8350
1.0258
0.7566
3.6271
0.3828
1.9113
0.9219
0.4822
0.8925
0.2359
0.1466
0.3100
0.0288
0.1985
2.1447
0.3893
0.2464
0.2786
0.0042
0.1404
0.7177
0.5308
0.6705
1.7908
0.5274
0.7174
0.3032
0.4870
0.8153
0.7171
1.1775
1.5339
0.8671
1.0576
1.1776
0.7769
1.3693
0.5650
1.1441
1.0884
0.8716
0.5512
1.3275
1.2627
1.1402
0.7736
1.5583
0.9410
0.9394
0.9931
0.8896
1.9719
0.5359
0.4522
0.4094
1.6032
0.5457
0.4584
0.6889
1.6395
1.6640
0.7916
0.9652
1.1071
1.2841
0.3854
0.4044
0.3197
0.6430
1.3097
0.1119
0.4203
0.9947
1.2573
0.8940
0.5980
0.7123
1.2715
0.5303
0.6244
0.6528
0.6838
0.6910
0.4589
1.2430
0.6368
0.5203
0.1794
0.1790
0.4892
0.4782
1.2534
1.8252
1.3781
1.1292
0.9912
0.9248
2.2632
0.7374
0.6976
1.0637
0.5483
0.3012
0.2725
0.1176
0.4098
1.0539
0.1495
0.1973
1.4022
1.4005
2.0488
0.1365
0.2385
1.3323
1.4089
2.9383
1.2753
1.1791
1.8397
0.4107
1.3486
0.9949
0.0491
0.9338
0.6540
1.0924
0.8977
0.1606
1.3285
0.0106
0.9203
0.2624
1.0852
1.0131
0.6630
1.0837
1.6875
0.6523
1.3727
0.0982
0.2380
0.1633
1.4777
1.8609
0.5373
1.5244
0.4907
0.8466
0.8926
0.7585
1.7805
1.9429
1.4461
1.7396
0.7716
0.0163
1.2818
1.2698
0.8711
1.5159
0.4513
0.2373
0.8613
2.2738
0.6646
1.5812
0.5077
1.1200
1.4983
1.8324
0.9517
1.2357
1.1771
1.1267
0.9485
2.3650
1.6530
0.4730
1.7339
0.7866
0.7969
0.6652
0.7875
0.5562
2.4933
0.8423
0.1177
0.5473
0.8030
0.1205
0.5987
0.9319
0.8560
0.7057
0.6820
0.4479
0.6173
0.4942
0.6454
0.9366
0.6522
0.6776
0.6086
0.2445
1.4376
1.1623
1.6170
1.4904
0.3554
0.6439
0.8012
0.6956
0.6396
1.5193
0.9012
0.5774
0.9175
0.9570
0.9557
0.9862
3.0927
2.1846
1.1617
1.3444
0.4127
0.6191
2.3229
1.9918
2.5660
2.7558
0.1428
0.0967
0.8022
1.7989
1.9758
1.2318
2.2210
1.9520
1.7275
1.8760
1.1320
1.2833
1.8487
0.7934
2.6609
2.6610
2.3808
3.3182
1.8148
1.2348
2.3615
0.1727
0.3389
0.6801
0.6683
1.0229
1.4074
0.7598
0.5306
0.4614
0.6882
0.4749
1.1314
1.0217
0.7162
1.0212
1.8435
1.0770
0.9419
0.8675
1.5450
0.8605
0.8100
0.9291
1.0773
0.9265
0.7782
0.8342
0.5995
2.1890
0.8464
0.9853
0.7278
0.8133
1.3360
0.9538
0.6263
1.3674
1.0671
1.3668
0.9028
1.8363
1.5355
0.2404
0.7862
0.6261
1.4890
1.2454
0.8113
1.1148
0.6714
1.0259
1.3257
0.9387
1.3602
1.2261
1.4662
0.9244
0.1427
0.0226
0.1227
1.2377
0.8195
0.4228
0.9143
0.5655
0.8159
0.1114
0.2681
0.0101
1.0079
1.5225
0.8335
0.3182
0.0175
1.0183
0.2106
0.8887
0.1143
0.4771
0.1921
0.1409
0.1627
1.0093
1.0986
1.3039
2.1023
0.4694
1.1582
0.4513
0.5777
1.9151
2.3899
0.6053
1.5762
0.7215
0.2117
0.2358
0.1950
0.1787
0.2892
0.4641
1.4597
1.4311
0.9729
1.4922
1.2762
0.9830
1.2646
0.8019
0.8935
2.4882
0.8413
0.6889
0.4985
0.7939
0.8990
0.5420
1.4864
1.7467
1.0864
1.0313
0.6939
1.1329
1.0248
0.7799
1.2537
1.0499
0.8609
0.9568
0.6589
1.1112
0.7976
0.0148
0.0307
0.3540
1.2712
0.7698
1.6032
0.8038
1.2548
1.0120
1.0117
2.2415
0.9584
0.7260
0.5762
0.7803
0.1261
0.9583
0.7244
0.8132
0.5702
0.4757
0.4550
0.7954
0.7311
0.4118
0.5413
0.8015
0.7338
0.5590
0.6499
1.1286
0.8926
0.9359
0.9580
0.9278
0.7752
0.9343
0.5265
0.7819
0.6356
0.8111
2.1893
0.9340
1.5228
0.7724
0.9996
0.6069
1.0287
0.6165
0.7441
0.6184
0.4840
0.6594
1.7396
1.3231
0.9538
0.0379
0.8040
0.6987
0.6009
0.5629
0.7160
1.3819
0.5491
1.1789
1.7143
0.9364
1.5833
2.3317
1.9614
1.0396
1.9598
1.3982
1.8085
1.1988
1.0446
0.9407
1.4732
0.7731
0.3310
1.3464
0.7444
0.0546
1.1655
0.5091
2.2095
1.0842
0.1246
0.1859
1.2310
0.7883
0.7618
0.6644
0.9963
1.4622
1.0570
1.4839
0.2786
0.0325
1.1411
0.3247
0.1532
0.5514
1.8885
1.8156
1.0058
0.8429
1.7524
1.0251
1.0775
1.2000
1.2564
0.9623
1.2277
0.9258
0.1601
0.6910
0.9084
0.4892
0.4407
0.8252
0.9181
0.7797
0.9404
0.9297
0.4424
0.6914
0.5267
1.1993
0.8024
1.6330
0.5408
2.6872
0.5138
0.3766
1.6992
1.0936
1.3726
0.6693
0.6071
1.4085
1.2405
2.5714
0.4307
0.1128
0.6481
0.6597
0.8509
0.6787
0.9266
0.7913
1.7928
0.6102
1.4445
0.7058
0.7466
0.6379
0.5462
0.6505
0.8088
0.8550
0.5843
0.2632
0.5620
0.9841
0.7026
2.3296
2.1116
1.1191
0.5788
0.7938
0.3305
1.0928
0.7817
0.8026
1.1301
1.7587
2.6257
0.8853
1.2859
1.2499
2.7193
2.2265
0.6410
1.6340
1.2614
1.1518
3.4583
2.1127
1.6934
1.4928
2.8662
2.0165
1.0326
0.9341
0.9208
2.3973
0.4161
1.2559
0.4241
0.5286
1.7336
0.9694
1.8823
1.0285
0.5672
1.1770
1.9654
1.2835
1.8575
0.5145
0.9919
1.6651
1.7285
1.7503
1.9051
1.0053
1.4957
1.2124
0.8523
0.4471
0.5883
0.4298
0.4628
0.7299
1.2404
1.1646
1.1978
0.1262
0.5377
0.6622
1.8474
0.0721
0.1931
1.3066
1.0404
0.8177
0.9018
0.7611
0.4924
0.6260
0.5806
0.7119
0.6240
0.7712
0.8169
0.6835
1.5574
1.3273
1.3408
1.0761
0.5640
0.7816
1.0914
0.7702
0.3867
0.6042
0.8794
0.2068
0.9728
1.9248
1.0212
1.1193
0.6447
0.3938
0.6696
0.5893
0.2766
0.6452
0.4156
1.1867
0.5443
0.5815
0.4681
1.3027
0.5734
0.7265
1.5368
0.6713
0.6148
0.8609
0.5941
1.7197
1.8607
1.7568
0.7886
0.1537
1.2176
1.4242
0.5629
1.1604
0.2173
0.6928
0.9707
1.4097
0.2182
0.0695
0.4797
0.7396
1.1351
0.5054
0.2406
0.0464
0.9188
0.6896
0.9802
0.3056
0.4862
0.2347
0.5445
1.7500
0.8089
0.1907
0.5882
0.7140
0.2757
0.7870
1.7174
1.1864
0.8828
1.4999
1.5029
1.2334
1.6457
0.7133
1.1403
0.0463
0.3470
0.3577
0.6245
1.5937
0.8095
0.8414
0.1339
0.6013
1.5815
0.3592
1.5243
0.8351
1.3725
1.3491
0.5942
2.4087
1.3639
1.1154
0.6826
0.5706
0.7064
0.8419
0.7623
0.4532
0.6528
0.7128
0.9765
0.0487
0.0644
2.4394
2.4876
0.8385
0.7278
0.9397
0.8095
0.2843
0.7644
0.4957
1.0594
0.9857
0.9271
0.3934
1.5182
0.7553
0.5576
0.6180
0.6300
0.5451
0.2629
0.8319
1.6893
0.8217
2.0869
1.0257
0.5887
0.6310
0.5787
1.7779
1.0870
0.5981
0.7883
0.6937
1.4381
1.1148
1.2464
1.2271
0.1526
2.4556
0.8126
1.0491
0.7330
0.6081
0.9813
0.7702
1.6842
0.6596
0.9990
0.7170
0.3335
0.8803
1.4243
0.8366
1.3954
0.9709
1.3718
2.1470
0.5094
0.8778
2.4593
0.7323
0.5109
0.5246
1.7813
0.8181
0.6599
1.2712
1.1088
0.0229
1.5825
1.2817
2.0669
1.0651
0.7590
0.8612
1.7148
0.6677
0.9783
1.4335
2.0724
0.8321
0.4143
1.8356
1.2581
0.9256
0.6480
0.8752
0.5691
0.6273
0.7007
0.4335
0.6593
0.4504
0.7494
0.6484
0.6448
0.7405
1.1478
0.7821
1.0055
0.5380
0.8888
0.8630
4.0071
0.0396
0.8294
0.8794
0.8564
1.1837
0.0736
1.6752
1.4165
0.9704
1.7068
2.5483
1.8440
2.6330
2.3358
0.9263
1.9016
2.1152
1.6735
2.8049
2.1465
0.6860
0.8594
0.6840
0.6166
0.9170
0.4931
0.8887
1.1284
0.6307
1.7363
3.2087
2.0647
0.9960
0.7177
0.7568
0.7353
0.7719
0.6741
0.5818
0.9779
0.5051
1.4971
3.6409
0.9702
3.0199
2.1124
1.8950
2.0434
2.8717
1.1408
1.9652
2.5281
1.0542
1.3919
1.2171
3.6945
2.0148
2.0173
3.7714
2.3638
1.4505
2.7781
1.0945
1.0059
1.4826
2.6277
2.7104
2.5346
0.4495
2.1951
2.1691
0.8357
2.2034
0.2371
2.9851
2.4671
2.8184
1.8129
1.4470
0.8486
1.2720
1.4780
0.9648
1.0577
2.4511
2.4492
1.8996
1.4705
1.5181
1.0311
1.0988
1.9111
0.6839
1.1213
1.0899
0.5451
0.7487
0.8513
0.5199
0.6358
0.6593
0.5788
0.5161
0.7817
0.8905
0.2480
0.7827
1.0080
0.3751
0.4724
0.7212
0.5651
0.5446
0.8044
0.6780
0.7782
0.7282
0.6538
0.5272
0.3367
0.6140
0.7818
0.5091
0.6388
1.0795
0.9619
0.7489
1.1301
0.8501
0.5681
1.0401
0.5683
0.9428
0.7175
1.3768
1.3802
1.2284
0.8687
1.2020
1.0781
1.4256
0.9768
1.9992
1.2907
0.8018
0.6052
0.5321
0.6974
0.5167
0.6986
0.7584
0.6738
1.0735
0.6889
0.5368
0.8800
0.6945
0.4837
0.4915
0.7388
0.5512
0.3623
0.5591
1.4177
0.5211
0.7113
0.1919
0.7365
0.1780
0.5286
0.6390
0.3793
0.6981
0.2040
0.7592
0.0328
0.9783
0.7062
0.9523
1.4929
0.6290
0.9591
0.8046
1.3301
0.8208
1.0197
0.6876
0.5823
2.4636
1.4395
1.9245
2.9279
0.3239
1.9026
0.0934
0.0298
0.4505
2.7804
0.6030
3.0942
2.3446
1.8720
2.4490
2.6597
2.7916
1.0791
1.0170
1.1449
1.7325
1.5357
0.5919
0.6895
0.8683
0.5255
0.6963
0.1528
0.4925
0.5602
2.0650
0.7419
0.7125
1.0170
0.7764
1.7146
0.0121
0.6039
1.6007
1.8542
0.6928
0.2421
1.0540
2.0675
0.9780
0.8796
0.9817
0.9496
0.7528
0.8392
1.7626
1.0521
0.3194
0.4845
0.6846
0.3896
0.5725
0.9264
1.7185
1.6750
0.8314
1.0986
2.4811
0.5515
0.6781
0.4806
0.4293
0.7154
1.9353
0.5332
0.6589
0.9615
4.2082
3.1696
0.4543
2.1627
1.2912
0.9362
1.9812
1.0598
0.8497
0.5020
0.1044
0.4720
0.0858
1.6041
1.6135
0.6189
0.5317
1.5050
0.0727
0.5242
0.7375
0.9130
0.5466
0.5414
0.8193
0.4321
0.6637
1.0598
0.3058
2.1428
1.0561
0.9093
0.8298
0.6887
0.9791
0.3005
1.1060
0.7326
0.1154
1.6437
0.3035
0.9614
0.2543
0.9872
1.1713
0.6492
2.8279
0.7377
0.1615
0.2106
1.2432
0.7466
0.9415
0.9716
2.8895
0.8322
0.9245
0.4774
0.5190
0.7192
2.0823
0.1551
1.2007
0.3966
0.6287
1.8593
1.2001
0.3013
1.1952
0.9978
0.1751
1.0093
2.5311
0.5882
0.0522
0.0047
0.0240
1.1509
1.6011
1.5583
1.4899
3.1430
0.4030
0.4237
0.4564
0.6414
0.4548
0.3761
0.7367
0.6554
0.5277
0.5721
0.5116
0.9635
0.9860
0.3917
1.4171
1.1511
0.4861
1.4032
0.6772
0.8653
1.7190
2.0562
0.8876
0.2092
0.0278
0.1354
0.0236
1.9992
0.0640
0.0073
0.8866
0.7011
0.1983
0.1101
0.1062
0.0068
0.3013
0.6092
0.8843
0.6126
1.1510
0.4920
0.0142
0.8563
0.3790
0.0000
0.0000
0.0945
0.7302
0.6001
0.0116
0.0010
0.3084
0.1341
0.1337
1.4314
0.0382
0.4096
0.1241
0.4788
0.4640
1.2524
1.3477
0.8039
0.6366
0.3677
0.4626
0.7334
1.4944
0.8821
1.0497
0.5146
0.8535
3.1547
1.0924
1.2071
0.6982
0.8687
0.9011
1.5819
1.8417
1.6916
1.1480
1.0454
0.6696
1.1628
0.8396
1.1852
0.7521
1.3382
0.6805
0.1358
0.5173
0.9042
1.0934
0.6063
0.8012
2.0280
0.8813
0.3655
0.6543
0.0068
1.4850
1.4839
0.7094
0.4611
1.6162
1.3481
1.4470
0.4546
1.0888
0.6395
1.1744
0.9110
0.7443
0.7103
1.6075
1.3000
2.5842
1.7329
1.5188
0.6032
0.5198
0.6287
0.5319
0.5853
0.6380
0.4109
0.9635
0.8228
0.6450
1.0945
1.5655
3.1712
0.4819
0.6772
0.5047
0.5913
0.7549
0.3845
0.5745
1.0123
1.6347
1.3819
1.0781
2.0761
0.3500
2.5922
0.9969
5.1047
1.4323
0.3823
1.4454
0.9457
1.2098
1.0707
1.0011
0.0849
0.1122
0.2253
0.2170
1.8466
0.1724
0.1640
0.7570
1.6811
1.2844
0.5359
0.6967
1.1701
0.9224
0.8098
0.9025
0.0048
0.0000
0.7543
2.0156
0.6764
0.1339
0.0672
0.7946
1.0027
1.0984
0.9139
0.8273
0.7523
0.6842
0.9613
0.7118
0.8066
1.3224
0.8171
0.7177
1.2887
1.2234
1.4125
2.7586
0.6456
0.7455
1.1683
0.8124
1.8344
0.5601
0.1089
0.3814
0.5229
0.8001
0.1708
0.0645
0.5143
0.8485
1.0343
0.0912
2.0821
0.8843
0.7218
1.0507
2.7483
2.0557
0.3466
2.1684
0.9848
1.3401
0.0716
0.3909
0.5477
0.1280
1.1055
0.7411
1.3583
0.2929
0.9343
0.8405
0.9963
0.1686
1.1246
2.5239
0.9604
1.4568
0.8287
0.0908
1.1579
0.6167
1.0706
1.3868
0.7887
0.9596
0.9283
1.0281
0.1874
1.0209
1.9018
1.1672
0.0274
0.7179
0.0194
0.1919
1.0188
1.3239
1.2213
0.3053
0.6969
0.5097
1.2584
0.5364
2.0122
1.0955
1.9694
0.5692
0.7157
1.0102
1.1534
1.0622
0.7863
1.0521
0.9526
0.5731
2.0197
1.5981
0.9488
0.7002
1.7464
2.2039
2.7657
1.0672
2.4175
2.1405
1.6286
0.9432
0.9195
0.7918
0.7878
0.9020
0.9173
1.1654
0.8203
0.9025
0.5691
0.3547
0.0119
1.2077
0.4524
1.6700
2.0714
0.8158
1.2334
0.8650
0.7024
0.9100
1.7916
0.8571
0.0454
0.0661
0.0246
0.8202
0.5272
0.5629
1.0287
1.0145
0.4874
1.2001
0.7131
1.0862
0.9837
0.7540
1.0028
0.9533
0.6433
0.0923
1.1723
0.5519
0.9274
0.7046
0.3430
1.1277
0.5462
0.7329
0.5423
0.6879
0.9703
1.3074
0.5601
0.5351
1.0782
0.4889
0.4763
0.5487
0.0210
1.0062
0.7989
2.1409
1.0788
2.5016
0.1425
1.3545
1.3835
0.4427
1.4657
1.5016
2.1729
0.8360
1.7983
0.9786
1.5619
1.0646
1.3082
0.7679
3.4290
0.5921
0.7180
0.6089
0.8739
0.1110
1.1434
1.8795
1.3571
0.7353
0.6699
0.5129
0.5487
0.4891
0.7822
0.7217
0.8484
0.8414
0.5771
0.9415
0.5303
0.6567
1.5785
0.9821
0.4855
1.7875
2.0726
0.4452
1.5577
0.9904
0.5887
0.7673
0.4643
0.8043
1.2181
0.8020
1.6314
2.2862
1.5019
1.7079
0.8415
2.3963
2.5483
0.7059
0.7036
1.1054
0.4285
0.7477
1.0480
0.0635
0.6759
0.4233
0.2615
0.5847
0.7499
0.9216
0.6108
0.7122
0.4434
0.8051
1.2790
0.5697
1.1865
0.8157
0.8256
0.1595
0.4945
0.6864
1.3431
0.5571
0.4236
0.9643
0.3258
0.5922
0.7064
0.4242
0.4547
0.8829
0.5438
0.8083
0.9296
0.5957
0.7008
1.2345
0.9065
0.3962
2.0762
2.2095
0.6247
1.1798
1.3376
1.4893
1.0085
0.7206
0.7724
1.4378
0.5545
0.0726
0.0072
0.7303
0.0509
1.2772
0.0000
0.0000
0.0536
0.1604
0.0000
0.0087
0.0967
1.5285
1.0810
0.0000
0.0120
0.1452
0.7029
0.1798
0.0129
0.0118
0.5490
0.2166
0.0525
1.0697
0.0132
0.0350
0.1550
0.2108
0.1272
0.7639
0.2909
0.4578
0.6027
0.6919
1.2304
0.8552
0.6866
0.9566
0.9575
1.6692
1.6795
1.2137
1.9969
0.6242
0.7921
0.7286
0.7859
0.5069
0.4983
0.9831
0.5868
1.5703
1.3765
1.2835
0.7545
1.5361
1.5633
1.3940
0.7512
0.7361
1.4807
0.3407
0.7482
0.8174
1.1923
0.9805
0.8238
0.7209
1.4602
2.1421
0.8955
0.5204
1.5004
0.8071
0.2912
0.9102
0.8176
0.6162
0.7219
0.7079
1.4206
1.7214
2.1879
0.9538
2.2044
1.6718
1.5944
0.9651
0.7028
1.2089
0.5996
1.4159
1.1826
0.9621
0.9101
0.6365
0.9485
0.3271
1.0678
0.7243
0.7596
0.8882
1.1419
1.9691
0.5510
1.8316
0.7416
1.4030
0.7765
0.8798
1.0057
0.6709
0.8849
1.8472
0.7874
1.0480
0.4652
0.7778
0.3104
0.3912
0.9212
0.4421
0.7565
0.7713
0.5414
0.6390
0.6579
0.7288
0.6604
1.1276
0.4889
0.5775
0.7061
0.7557
1.6066
0.9228
1.5341
0.4217
0.4215
0.6292
0.5573
0.5627
1.6759
0.2062
0.9722
0.7465
0.5357
1.1042
2.1811
2.3407
0.2522
0.9240
0.6244
0.6559
0.5786
1.1483
1.0060
1.0418
0.9661
0.6936
2.0080
2.0848
1.1053
0.7022
0.0716
0.8627
2.1121
0.5949
1.1437
1.2909
1.0320
1.4803
0.9603
0.8271
0.5582
1.2161
1.4963
1.9500
1.3402
0.6932
0.0520
0.7042
1.2886
1.3690
1.4953
1.2513
0.8951
3.6981
2.0409
0.3888
0.8497
2.7847
2.5526
0.7563
1.4130
0.5400
0.8172
1.3654
1.4604
1.5597
1.2770
0.7771
0.2036
1.2919
1.0437
1.3421
0.7863
0.0546
0.0675
0.2505
0.4442
0.8655
0.6831
0.3891
0.5340
1.0608
1.7162
0.8282
0.5685
0.9742
0.9086
1.1806
0.9480
1.3326
2.1813
1.0123
1.8977
0.9468
2.0185
2.2243
1.9352
1.1661
1.3245
1.7479
0.6909
0.7669
0.6377
0.4667
0.6769
0.8123
0.5667
0.7564
0.9615
0.3765
0.9377
0.5676
1.0076
0.4816
1.0957
0.0461
0.6357
0.8233
0.6246
0.7673
1.0738
0.6202
0.9659
0.6403
0.6516
0.7166
0.5599
0.5800
0.7044
0.7909
0.9440
0.6295
0.7375
0.7283
0.8093
0.7384
0.8702
1.1531
0.4962
1.7432
1.5405
0.7927
0.5968
0.5185
0.5750
1.0939
0.8723
1.0099
1.5255
0.9124
0.9248
0.8375
0.6634
1.3503
0.9035
0.7689
2.9332
1.2213
0.8352
0.9907
0.3756
0.1325
0.4552
0.8002
1.0623
1.1860
0.4801
0.8868
1.6651
0.0196
0.9417
0.7373
0.6872
0.6312
0.6787
1.6074
1.5780
1.7880
4.0128
2.6330
1.2502
0.7410
1.6976
2.0641
1.4355
0.8051
1.6700
1.1689
0.8802
1.1121
0.6541
1.3319
1.1073
1.6394
1.3461
1.2099
1.1313
0.9440
0.6849
0.6482
1.2339
0.8644
0.7903
0.8118
0.3796
0.4180
0.6607
0.4136
0.7773
0.5328
2.5986
0.7786
0.7655
0.8734
0.9449
0.8842
1.0275
0.6799
0.4556
0.5003
0.4942
2.8957
0.8430
2.3321
1.4908
0.6846
0.5225
0.8431
0.0539
0.0614
0.0400
0.2412
0.7241
1.3990
1.9695
1.0446
1.8407
1.0427
1.1056
0.9306
0.5577
2.6895
1.7704
0.5843
2.3355
0.8023
1.3827
1.1142
0.8593
1.5947
0.6818
0.5263
0.7256
1.3712
0.5839
2.1883
1.2819
1.2273
0.8902
1.8131
0.5641
0.8131
1.4350
1.1772
0.6896
1.7761
1.0346
1.5248
0.3832
1.5476
1.6910
1.2367
0.2189
0.5178
0.4185
0.3549
1.0102
1.2932
2.2383
0.6750
1.5300
0.7136
0.3230
1.0586
1.4596
0.8350
0.6639
0.6558
0.5609
0.8582
0.8119
0.6787
1.1821
1.3378
0.9058
0.9878
0.6716
1.0129
0.8978
1.2268
0.6419
1.4916
1.1948
0.8887
0.7044
0.5169
0.5924
0.0306
0.1484
0.5460
1.0185
0.7988
0.8391
1.3585
2.5928
0.6702
0.5782
0.4257
1.3176
0.9183
1.0961
1.1503
1.1082
1.3226
0.0416
1.1800
1.2646
1.0573
1.2205
0.6621
0.6156
1.7666
1.5384
2.0717
0.5266
0.7404
1.1578
0.4737
0.0098
0.0091
0.1150
0.0879
0.7595
0.7201
0.1480
0.6287
0.6940
0.8805
0.1414
1.2958
0.6080
1.2453
0.3389
1.1393
0.5735
0.9291
0.4050
0.8961
0.7431
0.8420
0.9238
0.6623
1.0764
0.5717
0.9299
0.5607
0.7625
1.0304
1.4385
0.6282
1.9296
0.5441
0.9170
0.9328
0.7932
1.4751
0.6376
0.9807
0.1526
1.2488
0.6202
1.0418
0.7774
0.9450
0.4387
0.7149
0.8366
1.3296
0.5393
0.8140
0.4655
1.2100
0.5071
1.3205
1.6948
0.8572
0.3850
1.1513
0.7656
0.7894
1.1925
0.6423
1.2755
2.6738
1.3873
0.6202
0.5420
1.2437
1.2631
0.5862
1.0011
0.9042
1.8880
1.1857
1.0086
0.9043
1.5207
1.0424
0.9632
2.0701
0.4368
0.5692
0.6757
0.7020
0.3375
0.0112
0.7336
0.9353
0.5541
0.5115
2.2179
1.3844
0.3167
1.7184
2.7322
2.2400
0.7491
0.5402
0.6515
0.7762
0.3537
0.7713
0.4060
0.8365
0.7674
0.7389
0.6205
0.5779
1.2923
0.9866
1.0837
1.6732
1.6761
0.7394
1.1226
1.4049
0.9342
0.6492
0.9976
0.3847
1.6116
1.3462
0.7131
0.3845
0.0662
1.0861
2.7937
1.6051
1.1336
0.6318
1.8431
2.0970
1.8431
1.6573
0.7538
1.1334
0.8855
1.6545
1.1189
1.4347
1.5252
0.7152
1.2606
2.2072
1.1292
0.5430
2.2113
3.5188
2.7842
1.3591
0.2679
1.4702
2.9144
0.6004
0.1868
1.9136
2.2643
1.5327
2.3811
1.1889
0.5368
1.2891
1.0431
1.6598
1.0760
1.0821
1.4531
1.2391
0.6545
0.7819
0.6637
0.5503
0.6608
0.7175
0.9870
0.3868
1.0003
0.6579
0.9776
0.6313
0.5333
0.4232
0.4308
1.0091
0.4395
0.5285
0.6150
0.7065
0.6596
0.6065
0.7717
0.7068
0.4724
0.5812
0.4877
0.6309
0.3123
0.1295
0.6830
0.6486
0.7886
0.5582
0.6741
0.5777
0.5156
0.4960
0.6438
0.6394
0.5052
0.7976
0.5450
0.6272
1.0740
0.6948
0.8019
1.4537
0.9272
0.5027
0.5305
0.5737
0.5012
0.4041
0.5197
0.3543
0.6362
1.2093
0.1191
0.3701
0.5368
1.1091
0.8656
0.4394
0.6332
1.4713
0.7844
1.2468
1.5342
0.6444
0.8131
0.9184
0.4118
2.4298
1.4488
0.9573
1.5156
1.0439
0.9933
1.7888
1.0273
1.8652
0.7817
0.7079
1.3824
0.7726
0.9135
0.6962
2.7567
0.4767
1.2822
2.0974
1.1894
0.8770
1.0958
0.7406
1.5220
0.5038
0.7632
0.8733
0.6779
0.6597
0.3968
1.7176
0.6912
0.9329
0.8043
0.4777
0.5608
0.4872
0.6757
0.7429
0.6964
1.3130
0.6170
0.6761
0.3192
0.7455
2.5406
0.9368
1.4271
1.1847
1.1233
0.9011
1.6532
0.8623
0.8365
1.7156
1.2919
1.8557
1.2436
2.4706
1.4977
0.3174
0.8074
0.9668
0.5433
2.7299
0.9486
0.8324
1.1759
0.8490
1.3781
1.0715
1.2051
0.9446
1.5812
0.5619
0.7762
1.2669
1.0734
0.8743
2.2207
1.4318
1.2561
2.1233
1.6177
2.4188
1.2367
0.7180
0.7969
1.6945
0.1175
0.5544
0.4538
0.6794
0.6991
0.6693
2.1845
0.6999
0.7997
0.5824
1.0603
0.4243
0.5422
1.1007
0.5629
0.4215
0.4647
0.8715
1.4322
2.5635
0.8913
1.6738
1.0713
0.9848
1.6339
0.8949
0.1085
0.3809
0.7364
1.6539
1.0298
0.4461
0.8353
1.2205
1.4900
0.7759
2.4849
2.0113
1.8769
2.0535
1.7208
1.4478
1.7326
0.9956
1.3816
0.8609
2.8902
1.3252
1.6065
0.2664
1.7336
1.0018
0.5699
0.6638
1.0142
1.4371
0.7252
1.2105
1.1313
1.0674
0.6464
0.7159
0.7478
3.0861
0.6440
1.8566
0.2383
1.8959
0.6153
0.1556
0.2389
0.9924
0.6580
0.7607
1.5872
1.1937
1.1849
0.9690
1.8738
4.4517
1.1442
1.5798
1.6094
0.5659
1.2353
0.5447
0.7538
0.7731
0.9758
0.9981
0.5591
0.8482
1.4747
0.7515
2.2900
0.7233
0.5067
0.6374
0.5497
1.1003
0.8886
0.5777
0.7285
1.4000
1.3343
0.1722
1.2275
0.6425
1.1215
0.5501
0.8691
1.0545
1.3752
0.8265
1.9454
1.0311
1.0727
0.1538
0.7518
0.7487
0.8200
0.8774
0.4681
0.8224
1.0730
1.1481
0.8166
1.0495
0.2892
0.2061
1.1489
1.8250
0.5182
0.9394
0.6842
0.4218
1.1446
0.8834
0.5412
0.5384
1.1338
0.9669
1.1057
1.7725
0.3734
0.8650
1.0065
1.5459
0.0219
1.0455
0.7193
1.2559
0.8679
0.6045
0.5867
0.9003
0.8553
0.9239
0.4733
1.4828
2.0093
1.6648
2.1764
2.6893
0.7673
0.9056
0.3768
1.8801
1.7111
1.7852
1.2344
0.8453
0.5252
1.2163
1.2291
1.5445
1.3252
1.4809
0.6655
0.6733
0.6568
0.5965
0.1597
0.0104
0.2324
0.2860
0.6497
0.6354
0.8026
1.5490
1.1808
0.4551
0.8058
0.6775
0.7767
0.4407
0.3345
0.3729
0.5761
0.5402
1.0902
0.6375
0.5550
1.0654
0.6480
0.5940
0.7144
0.9048
0.7396
0.5906
0.8134
1.0648
0.6500
0.8626
0.7805
2.5116
1.3323
0.6381
1.9613
0.8693
0.8893
1.6861
1.6556
0.7615
2.7299
1.6733
0.6147
1.0588
1.8692
1.0609
0.8027
1.6920
1.3505
1.8577
0.4429
0.7330
1.8894
1.5090
1.3589
0.2001
2.2203
1.6798
1.0560
1.1402
0.0207
0.0330
1.5429
0.9118
0.9068
0.6342
0.4193
0.7751
0.9187
1.0586
0.9690
0.5171
1.7044
2.5199
0.2647
0.8220
0.8760
1.2190
0.3324
1.3464
1.1043
0.6053
0.5321
2.0987
0.7251
0.7194
0.9607
0.8123
0.8092
1.1369
0.0895
1.0655
1.2698
0.7700
1.0326
0.7572
1.6813
0.4859
0.9197
2.9105
2.0401
1.0064
1.1821
1.2122
1.5751
1.8322
0.9674
2.0207
0.1130
1.9687
0.7761
1.2218
0.9542
0.7927
0.9303
0.5265
0.7803
0.5775
0.9841
0.8153
0.7969
1.2976
1.7309
1.3953
2.0933
0.5765
0.4265
0.6316
0.9661
1.1989
0.9273
0.7481
0.7053
1.0733
1.7890
0.8989
1.4197
1.2619
0.4388
0.6209
1.1089
0.5304
0.6192
1.9482
0.6384
1.2541
0.5906
1.3269
1.0885
0.8645
1.5129
1.5125
0.3274
0.9467
1.1426
1.2568
0.8138
1.1809
0.3078
0.4559
0.1819
0.3592
0.8538
0.9338
1.5333
0.7268
0.4721
0.7847
0.7791
0.8220
0.7327
1.7399
0.4144
1.4340
0.4668
0.2380
1.7690
0.5420
0.8073
0.5342
0.5647
0.8031
0.8302
0.6151
0.0271
1.0783
0.8029
0.8762
0.5168
0.0779
0.7204
0.6631
0.9393
0.9038
0.7818
0.7862
0.6756
0.9082
0.4916
1.7238
2.1002
0.6086
1.0065
0.7558
1.4445
1.3157
0.7252
0.9350
0.7123
0.6613
1.1540
0.9088
0.6829
0.8543
0.8562
0.1948
0.7129
1.2588
1.2194
2.1566
0.6435
0.5945
0.7157
0.6655
0.7177
0.5763
2.2082
2.3051
1.3094
2.8127
0.5772
3.0315
2.3364
1.1275
2.3148
1.4374
0.8429
0.5382
1.5462
0.5030
0.2272
0.1515
1.1213
0.8905
0.6249
0.4947
0.6506
0.3972
0.7125
1.7471
0.5730
1.0672
0.6368
1.2441
1.1974
2.0640
0.7673
0.7943
0.6003
0.8770
0.6786
0.7241
2.2099
0.9509
0.4927
0.9111
0.7384
0.5489
0.4575
0.4061
0.8944
0.6141
0.7124
0.7903
1.6435
0.6793
0.0553
0.0408
1.8037
1.3639
1.0914
0.8804
0.9369
0.7472
0.4036
0.6159
0.3501
0.0000
0.0000
0.4587
1.1791
1.2036
0.3078
0.7666
0.7268
0.9066
0.8295
0.5094
1.1506
0.3898
1.6481
1.3195
0.3865
2.7411
0.6509
1.1643
0.1849
0.6835
0.0495
0.4687
0.4085
0.9685
1.0490
0.6731
0.4469
1.0229
1.0462
0.8008
0.7814
1.0724
0.8558
0.7445
0.9657
1.4123
0.6268
0.2253
0.7051
2.4239
1.3876
0.2004
0.8147
0.8882
2.0138
0.1393
0.4206
1.1808
0.8756
1.1306
0.0209
1.0062
1.2018
0.6887
0.7568
0.6249
0.5381
0.4866
0.7024
0.1419
0.0928
0.0931
0.0700
0.6331
0.6053
1.1319
1.4958
1.5945
0.7805
0.2819
0.7732
0.6332
1.4240
0.2716
0.1441
0.2658
1.3640
1.6278
2.1204
0.5344
0.1663
0.8949
0.3516
0.7005
1.0045
2.7066
0.5962
0.6550
0.5984
0.0137
0.0982
0.0152
0.0031
0.0000
0.0699
0.1122
0.0651
0.0022
0.0282
0.3298
0.0244
0.1141
0.0052
0.0093
0.0000
0.6760
0.6963
0.6290
0.6424
0.5147
0.8125
0.6577
0.7095
0.0542
0.3347
0.6021
0.4675
1.3219
1.2899
1.1037
1.3586
0.1753
1.2350
0.9759
0.7932
1.0771
1.0414
0.8615
1.1531
2.8778
0.6019
0.9651
1.2927
1.0042
1.2194
0.6536
0.5637
2.1110
0.9924
0.7746
0.7574
0.8979
0.7987
0.7957
0.9882
2.8636
1.2367
2.2269
2.6567
0.5689
0.5133
0.8689
2.0125
0.9462
0.8128
2.0159
0.8221
1.8502
1.5029
1.8691
1.8702
0.9575
2.4670
2.1852
0.9258
0.2901
0.7130
0.6090
0.7158
1.1872
1.0283
0.5724
0.7188
0.6480
0.8075
0.6054
1.1743
1.0027
0.5490
1.9900
0.8751
0.5581
0.8498
0.4758
0.6820
2.2687
0.7063
0.8655
0.5170
1.1161
0.9083
1.2314
0.7274
0.7606
0.5155
0.6674
0.8128
0.5317
0.9521
0.7755
0.4870
0.9113
0.8711
1.4907
0.7188
0.8784
0.7441
0.5534
0.7524
0.8383
1.5482
0.9578
0.5622
0.9441
0.6986
0.7503
0.9834
0.1301
0.8475
1.1345
1.1525
0.6217
1.0602
0.4710
0.9387
0.4150
1.1657
0.5395
0.7800
0.7476
1.7942
0.9621
0.9145
0.0406
0.2031
0.9961
1.4078
0.1972
0.6975
1.3780
0.8615
0.7349
0.7112
0.2301
0.4827
1.3233
0.4357
2.1419
0.9790
0.7659
1.1523
1.1739
0.3298
0.5021
0.6696
0.1221
0.0960
0.5612
1.6925
0.3132
0.6095
0.5368
1.1182
0.1415
0.9838
0.7488
0.8188
0.9168
1.3014
1.0440
0.8395
0.9171
0.7267
1.3863
0.8631
0.6598
1.7294
1.0849
0.5960
0.1167
2.0576
0.4725
1.7839
1.6953
1.0994
1.7385
0.5703
0.7963
0.8156
1.1604
1.1875
2.7708
0.8257
0.1838
0.8278
1.7725
0.5795
0.2210
0.7459
0.7052
1.5398
1.4772
2.1497
1.9573
1.7088
1.6347
1.9561
1.2662
1.9554
1.3877
0.5240
1.2117
1.6623
0.0045
1.6579
1.3105
0.0311
0.3918
0.6175
0.0628
0.1178
1.8658
0.1702
0.4960
0.5669
1.3655
0.0067
0.6330
1.1245
1.4494
0.7768
0.7741
3.0152
1.8287
1.1159
1.2340
0.0132
1.1460
2.0377
1.5665
0.4940
0.7200
1.5224
1.7915
1.0675
0.9201
2.5988
1.3888
0.5546
1.6029
1.4672
1.2748
2.3238
0.5196
0.8797
0.9975
0.3832
0.0716
2.1751
0.7175
0.9308
2.3163
2.5198
0.6487
0.6698
0.9378
0.8506
0.9821
1.4529
1.4660
0.8456
0.8185
0.8317
1.0540
1.2962
0.1819
0.5979
0.4764
0.6585
2.3484
0.7414
1.2185
0.5863
1.0416
0.2685
0.8552
0.6977
0.5320
0.6794
0.8950
0.6850
0.5870
1.6329
0.6065
1.3234
1.0470
1.6722
0.5038
0.6634
1.4684
1.9561
1.8609
1.8746
2.8780
1.0002
0.6329
0.8752
0.9993
1.3312
0.6239
0.7605
1.9638
1.0786
1.0999
1.2083
1.1953
0.2856
1.3430
1.2748
1.5337
1.2651
0.9755
1.3841
0.5436
0.3407
1.1384
0.7559
0.7298
0.8268
1.9820
0.3869
1.7142
0.6272
1.6090
0.9332
1.7886
0.8303
0.2731
1.9279
0.7362
0.9686
0.6860
0.6801
1.2218
1.7958
0.7105
0.4268
0.8739
0.0602
0.6218
2.4158
1.1057
0.4798
1.7608
0.5865
0.1527
0.1289
0.6270
0.0170
1.5271
0.8942
2.4514
0.4696
0.0087
0.7950
0.4336
0.3049
0.1121
0.5037
0.4731
0.3742
0.2519
0.6060
1.8492
1.3309
0.2081
0.0178
0.0807
0.1151
0.3187
0.9535
0.3228
0.6542
0.6262
0.7209
0.4667
0.4733
0.9296
0.2135
1.3002
1.0535
0.9993
2.3866
0.6645
0.8845
0.7271
0.8191
1.7661
3.2607
0.6936
1.1063
1.4482
0.3146
0.0321
0.6012
1.4323
1.5952
0.7757
1.0157
0.5564
0.4894
0.7349
0.4341
2.4334
1.3034
1.0662
2.2476
1.6878
1.8633
0.4520
0.1987
0.3912
1.0241
1.1122
0.1541
1.8105
0.8816
2.7987
1.7205
1.9790
1.3758
0.3048
1.1344
0.0566
1.9539
1.6937
1.3687
1.8099
1.2440
0.5751
1.3663
0.6701
0.6821
1.0617
0.9251
1.8320
0.5715
0.9108
0.6163
0.3686
1.1102
0.7351
0.9868
0.4940
1.0696
1.2459
1.0779
1.3285
2.6881
1.1507
1.9817
3.1539
1.1851
0.9523
0.8358
0.7668
0.0552
0.6233
0.0338
0.5946
0.7146
0.8984
0.9571
0.6797
0.5494
0.8244
0.8040
0.8070
0.6521
0.8344
1.3861
0.7326
0.4559
1.4384
1.3000
0.9724
1.1924
0.3532
1.2757
0.0635
0.0905
0.3016
0.8649
1.4149
0.6789
0.9580
0.3539
0.6483
1.6583
0.1336
0.8887
0.8032
1.7891
2.2915
0.0504
1.7002
1.3491
1.5649
0.7339
0.6044
1.6407
0.6688
0.5550
1.0120
1.4297
1.4485
1.4716
1.3438
1.6732
0.8998
0.8370
1.8042
0.6004
0.6040
0.6211
0.1233
0.4318
1.1516
0.7082
0.8402
2.4983
0.9031
1.6448
0.1908
0.4359
0.7462
0.6590
0.4389
0.9249
1.3257
0.6426
1.0329
1.2057
1.8706
1.7089
1.7066
1.6935
2.0984
1.4180
1.5327
1.5143
1.4383
2.3394
1.2057
3.0072
1.4323
1.4501
0.2354
0.8483
0.4657
0.7884
0.0712
4.7369
4.2264
1.1356
1.5487
1.3067
0.5479
0.9183
0.1134
0.2560
0.0000
0.0462
0.0295
0.0000
0.5756
1.5033
1.5178
0.0776
1.0958
1.6006
0.7478
0.7453
1.0041
0.6060
1.4827
0.8210
0.6956
1.7150
0.6860
1.2642
2.0440
2.2444
1.7806
1.1650
2.0661
0.8519
1.3754
0.7672
0.7008
1.6613
1.4620
0.8415
1.5159
1.4837
2.3387
1.0127
1.7803
0.5353
0.7462
0.7812
0.6800
1.2181
0.7698
1.0130
2.3912
0.6215
0.4910
1.1574
0.5253
0.6008
1.2752
1.8779
1.1800
0.6071
0.5248
1.4370
1.5114
0.8858
1.1794
1.9039
0.9853
1.3779
0.9000
0.3793
0.1632
0.2365
0.7542
1.0045
0.0912
0.0186
0.7843
0.5909
1.2152
0.7263
0.8997
0.5889
2.1603
0.6627
0.7859
1.3413
0.9864
0.4565
0.5867
0.5467
1.6931
0.5808
1.3655
1.2527
1.6833
0.7878
1.7183
0.8003
0.3556
0.6047
1.0053
0.0747
1.3232
0.9557
1.1550
0.6336
0.9119
0.6182
1.0088
0.7147
1.7553
1.3780
1.3908
1.1358
1.0190
0.9690
0.1713
0.6517
0.6248
2.0170
2.9148
0.4458
1.1313
0.6678
1.5916
1.1345
0.7741
3.0427
0.6982
0.9001
0.8621
0.6584
2.0869
1.2919
0.7721
0.5296
0.0144
0.3642
1.3586
0.1797
1.1213
0.3842
0.5645
1.3044
0.9183
1.5388
1.4582
0.5339
1.9338
0.7077
1.5603
0.7230
1.1434
0.8098
0.8846
0.6942
0.8295
1.1681
0.6861
2.1639
0.8701
0.4897
0.1585
0.5993
0.6935
0.7612
0.8601
0.6917
1.3915
2.1713
2.1265
0.6790
0.7745
0.6008
0.9473
0.6832
0.6918
0.6072
1.0625
0.8988
0.8429
1.2733
0.4656
1.2246
0.3690
0.5799
0.9973
0.5184
0.2083
1.1143
0.0823
0.7223
1.8913
0.0561
0.1344
0.2716
0.0148
0.9498
0.6339
2.0702
0.8774
0.2515
0.4785
0.4431
0.8531
0.6814
0.2171
0.6961
0.5018
0.8764
1.9412
2.0556
1.9189
1.7429
2.0572
1.4775
0.5528
0.9294
0.6539
1.2183
1.0790
1.3440
1.0262
0.1988
0.6451
0.9264
0.7205
0.4241
0.7261
0.8225
1.6378
0.6825
0.2821
1.3043
0.9224
0.4129
1.4808
0.6661
0.6693
0.5202
1.0838
1.2925
1.0045
2.0789
1.0192
0.8551
0.8214
0.6032
0.6945
0.7736
0.8412
0.4977
0.6305
0.7941
0.8333
0.2491
0.3665
0.7261
0.7449
0.6687
1.2837
0.9009
1.3476
1.0443
1.4583
2.0137
2.1550
0.8418
0.6503
0.6858
1.2537
1.6814
0.6838
1.9508
0.9615
1.1404
1.6663
1.2873
1.1821
2.0783
0.7542
0.9542
0.6245
0.6508
0.0589
1.9661
1.3566
0.7739
2.7472
2.3686
1.0460
1.1811
0.9470
0.6384
0.6917
0.8399
1.0468
0.8107
0.3110
0.4764
1.6193
1.0910
0.6548
0.7459
0.6379
0.6907
0.9156
1.8733
2.3390
0.5367
1.3026
1.2766
0.0580
0.1630
1.0147
0.5673
1.2693
0.8908
0.2023
1.0894
1.2273
1.1229
0.7381
1.2386
1.3200
0.2540
1.2016
0.9966
0.8170
0.9738
1.7862
0.4593
0.8149
0.7479
0.8915
0.7998
2.2074
1.1484
1.2580
0.9044
0.7664
2.3914
0.6917
0.6130
0.8264
0.4853
0.7262
0.4075
0.7846
0.4616
0.9047
0.5990
0.4899
0.7992
1.5002
0.8265
0.7236
0.6600
1.6838
2.6270
1.2169
2.0097
1.0024
2.9115
1.5085
1.3540
0.7945
0.0945
0.9171
0.5604
0.8503
0.5908
0.7713
0.8515
1.3240
1.1725
0.3820
0.7052
0.5085
0.9260
0.6915
0.5539
1.0713
0.5996
1.0493
0.7201
0.6321
0.7746
0.5656
1.7520
0.5215
0.5510
0.6328
0.0802
0.1351
0.4351
0.0457
0.0507
0.9261
0.4671
0.0784
0.3774
0.5285
0.1490
1.0601
0.6253
1.4131
0.5408
0.8347
0.1533
0.1217
0.3340
0.9131
0.2862
0.3163
0.4614
1.1393
1.0240
0.0888
0.0967
0.6884
1.4670
0.1409
0.4918
2.5186
0.7322
0.7510
1.0241
1.4340
0.5624
0.4927
0.6331
0.8665
0.8309
0.6511
0.4954
0.5312
0.9324
0.4841
0.6585
0.8535
0.0937
0.3242
1.2510
0.3148
0.7647
0.6359
0.5285
1.1621
0.7260
0.7167
0.8272
0.4689
0.9343
0.4181
0.9848
0.8598
0.6722
0.4209
0.3101
0.4796
0.6913
0.8924
1.4117
1.9216
2.2267
2.5264
1.1498
1.2465
0.9214
1.5983
1.1964
0.5718
0.4905
0.7685
0.5534
1.2195
0.8116
1.0385
1.1685
1.3715
0.7782
0.9583
0.9185
2.2653
0.6188
0.2115
0.5400
0.8811
0.0503
1.7784
0.7078
0.6531
0.5816
1.0853
1.1255
1.2207
0.2945
0.1088
1.4356
1.1867
0.8161
2.6892
0.2628
1.2473
0.9595
0.2130
1.8779
0.9232
1.2048
0.0880
1.4973
1.2507
2.1551
0.8578
1.3392
1.4143
1.1510
0.0040
1.5295
1.0822
0.7349
0.8746
0.3372
1.2890
1.0158
0.8940
1.2168
1.4216
0.3729
2.8370
0.6187
1.3471
0.1069
0.0792
0.1107
0.1357
1.4330
1.1346
2.3698
1.7097
0.7690
1.0476
0.0342
0.5477
0.1674
1.2259
1.2905
1.6936
1.0220
1.3226
2.4836
1.1840
1.4535
1.0532
0.8058
1.0414
2.2945
1.0577
1.2487
0.7934
1.6907
0.6106
0.4781
0.9236
0.3853
0.7154
2.2361
1.7782
0.6973
0.6380
1.2045
1.7191
2.2376
0.5095
0.4487
0.8962
1.2688
0.6465
0.8026
0.9135
0.8711
0.5595
2.6633
0.6142
0.1561
0.2104
1.1971
0.4408
0.8565
0.7853
2.6549
1.4324
3.3875
0.9943
0.5731
0.3452
1.3059
2.4825
0.9227
2.8558
0.5217
1.1877
1.5312
1.4383
2.0972
2.1027
1.6280
1.3069
0.4361
0.7224
1.8722
1.1592
1.9358
2.2550
0.9989
2.1431
0.8077
0.7096
4.1032
2.2246
3.1774
2.1129
0.7470
1.1791
1.7396
1.3398
1.8871
2.3250
3.2586
0.0815
0.6013
1.8393
3.3752
0.6493
0.1475
1.0103
1.2920
0.9898
0.4342
2.8115
2.5594
2.1856
2.0413
1.7099
1.4202
2.2690
2.4086
0.8502
1.6660
0.7426
0.8041
2.8379
0.5177
0.6362
0.9837
0.5948
0.5420
1.2691
0.2476
0.0004
0.2004
1.0523
0.8056
1.6115
1.3143
1.0402
2.2290
0.0737
0.6062
0.5281
0.8856
2.0417
1.9809
0.5830
0.8220
0.7677
0.7681
0.9040
0.0528
0.3270
0.5795
0.0340
0.8802
0.8936
1.5424
2.1059
1.0519
1.0600
2.4089
0.6791
0.9522
0.8951
0.2077
0.7765
0.2404
1.2961
0.1114
0.7077
1.0465
0.6500
0.0000
0.5899
0.7256
1.1478
0.7238
0.6786
0.8918
0.5415
0.7049
0.6507
0.9484
0.4700
0.5609
1.3252
0.8951
0.8524
0.6415
0.7067
0.6730
0.5830
1.0378
0.8622
0.8275
0.9607
0.5845
0.6529
0.8751
0.6241
0.7534
0.6949
0.5487
0.8605
0.7661
0.0686
1.6536
1.2013
1.8848
0.3420
0.0793
1.0008
1.3917
1.8946
0.4278
1.2062
0.8640
0.9914
0.8436
0.7051
0.7188
3.4894
0.8716
0.7602
0.6961
1.7369
0.7416
1.3494
0.8772
1.8648
0.1165
1.1680
0.5264
1.4565
1.5951
0.9266
1.4529
0.6667
0.7182
0.9102
1.1965
0.1248
0.2548
0.8290
0.7293
0.0055
0.8276
1.1249
0.0000
0.0143
1.3897
0.6696
0.8350
0.4716
0.8040
0.7268
0.3179
0.0170
0.4066
0.8407
0.2903
1.1505
0.5758
0.7134
1.0394
1.3032
1.1036
1.0828
1.3945
1.0487
0.7742
0.7009
0.6470
0.7834
0.4822
0.9003
0.4560
0.8174
0.0872
0.1189
0.1920
0.5671
2.5189
3.4456
1.3870
1.2762
1.9224
1.2055
0.5236
0.8618
1.2554
0.5865
1.3231
0.8791
0.8684
0.8207
0.8918
1.4708
1.0730
0.5989
1.3247
1.0682
0.3619
1.3958
0.6075
1.0211
1.3768
0.6798
0.7251
0.9837
0.2338
0.4019
0.2129
0.7435
1.1853
0.6666
0.3973
0.0964
0.8149
0.4822
0.9580
0.5970
0.6344
0.6459
0.7372
0.9966
1.7793
1.6648
0.6153
1.2369
1.8923
1.3983
0.8337
1.4624
2.1934
0.8820
2.1382
0.6907
1.0298
0.6325
0.5359
1.2856
0.9001
0.5575
0.7964
0.5463
1.6141
1.3587
0.9537
0.9415
0.6728
0.1825
0.7137
0.6568
0.9312
0.5866
1.0142
0.5514
0.8188
0.6967
0.9750
1.2567
0.9200
0.5170
0.7908
0.1787
1.0581
1.7180
1.0187
0.4018
1.0152
0.7993
0.4540
1.9772
1.0516
2.7026
1.6005
1.2182
0.9438
1.1201
0.3893
0.5461
0.8127
0.9770
1.1637
1.5436
0.8724
2.6926
0.5563
0.5686
0.3618
0.8995
0.5623
0.5344
1.6283
1.1095
0.7334
0.7276
2.5082
0.1904
0.0000
1.4709
1.2351
1.4588
0.6295
1.2896
0.6160
1.2092
0.7318
0.8283
0.5821
0.8847
1.7851
1.6560
0.8229
0.5055
0.8291
1.1822
1.1205
2.8819
2.4121
1.0765
0.6245
0.5422
1.5225
2.1771
1.9302
1.3228
1.7062
0.9709
0.5061
0.9415
1.0743
0.6071
0.6426
0.4058
0.7428
0.7250
0.6484
1.0978
0.8647
0.8355
0.6493
2.2410
0.8189
1.1663
0.8804
0.7794
0.2264
0.9783
0.6176
0.7040
0.5316
0.7584
0.5965
1.9391
1.4286
0.7286
1.5673
0.5070
0.8616
0.7306
0.8891
0.7203
0.6101
1.0570
0.6780
0.7783
0.7368
0.0526
1.2939
0.6103
0.9490
0.1579
0.2476
0.5004
0.0198
0.5803
1.2997
0.6497
0.0402
0.3136
0.9895
0.1892
0.2204
0.9863
0.1853
0.0297
0.0101
0.4000
0.1719
0.9614
0.3049
0.4124
1.7563
0.7621
0.3594
0.6062
0.8950
0.3341
0.1013
0.6867
1.1425
1.1806
0.9391
0.3589
0.7000
1.3228
0.3824
1.2423
0.5430
1.9946
2.2355
2.0802
1.5803
1.1809
0.7216
1.0786
2.1528
1.5049
0.7708
1.1557
1.4505
0.3467
1.7125
1.5638
0.8287
1.5337
1.9110
0.5454
1.3457
0.9417
1.6785
0.4373
0.7029
0.5881
0.9516
0.9485
0.7859
1.0287
1.4688
0.5077
1.4239
0.7963
0.1820
0.5687
0.3255
1.0826
1.4025
0.6623
0.9150
1.0900
0.7039
0.7898
0.1728
0.6427
0.8983
0.5615
0.5648
0.6989
1.1039
0.6316
0.5079
0.9206
0.0742
0.9806
1.0940
0.7590
1.1549
0.9635
0.0416
0.0036
0.7515
1.1295
0.5678
0.5631
0.5346
0.8732
1.3428
0.7546
0.5058
0.7656
0.4680
0.4931
0.3876
0.8416
0.4201
0.0245
0.0380
0.0139
0.0068
0.4362
0.3239
0.8439
0.4439
0.6660
0.3402
0.4370
0.5916
0.9060
0.5657
0.5174
0.3480
0.7275
0.6601
1.1126
1.7159
1.1307
1.5680
1.1792
1.3517
0.7303
0.4515
2.1130
0.8739
0.5213
0.0969
0.2103
0.2059
0.3179
0.2264
0.1598
0.0761
0.1551
0.0967
0.0021
0.0000
0.0139
0.0989
1.4677
0.2412
0.1881
0.1064
0.0340
0.1873
0.0755
0.0437
0.5491
0.1443
0.0000
0.2332
0.8059
0.0564
0.4188
0.1655
0.0081
1.5453
0.2625
0.0203
0.2999
0.1066
0.6875
0.2872
0.2065
0.0538
0.5376
0.3926
1.7617
2.4824
1.3152
0.2808
0.9230
1.7420
1.0590
1.3727
1.2790
0.7845
0.6571
0.9271
0.6005
0.7360
0.8683
2.0949
2.0450
1.1964
1.3728
0.6359
1.2175
0.9802
1.3297
0.8655
0.7325
0.7839
2.2703
1.7327
2.1324
0.7231
1.5112
1.0354
0.8330
0.8122
0.6878
1.6748
2.6231
1.3419
2.1886
3.0031
1.9728
0.2159
0.8530
1.8952
2.0984
0.6574
1.0815
0.9948
1.5601
0.7178
1.3023
0.7163
0.8089
1.3579
0.6533
1.3509
1.3543
0.1195
1.3560
0.7924
1.3259
0.8883
1.2060
0.8085
0.8911
1.1991
0.4643
0.8552
1.3415
0.6894
0.5096
0.7761
0.8646
1.0322
0.0632
0.0297
0.4904
0.5489
0.4814
0.3123
0.8040
0.7121
0.3446
0.4902
1.4389
0.5562
1.4752
1.0547
0.8354
0.9131
0.5951
1.2904
1.6121
1.0656
1.9360
0.7617
1.1057
0.8500
0.6941
0.8096
0.8763
0.4270
1.4895
0.7520
1.2767
2.8108
1.5170
1.0186
1.4561
0.5222
0.9897
0.8089
0.4787
0.5424
0.5018
0.7300
0.8945
0.7397
0.3829
0.5987
1.3162
1.7535
0.9386
1.7420
2.9568
2.8888
1.1787
3.6525
1.7298
1.6280
0.0461
0.1244
0.2226
2.2472
1.5958
0.8982
1.9397
3.2049
0.7624
0.7326
0.4556
0.5748
1.8102
0.6887
0.4880
0.3883
1.2630
0.9980
1.0388
1.1075
0.3205
1.5095
0.9996
1.0237
0.8972
0.5832
0.5395
0.5561
0.4722
0.0534
0.5278
0.6349
1.0271
0.7966
1.4706
0.4466
1.2025
0.8597
1.0118
1.2682
0.8773
0.2786
1.6482
0.6534
0.5637
1.2796
0.8177
0.2424
0.4924
0.7693
1.6441
3.0254
0.9546
1.9783
2.4643
0.7409
0.6797
0.8541
0.8044
0.4544
0.5916
0.7279
0.9743
1.5623
0.8604
0.0675
0.2547
0.5268
1.1501
1.1998
1.0963
0.6765
1.5819
1.4468
0.8488
0.9697
2.4346
1.3509
0.8456
1.3539
1.3995
1.3626
2.8452
2.0945
1.4460
1.7713
1.0889
0.5921
1.4905
1.8905
1.0331
1.6254
1.4824
1.7714
1.9977
0.0220
0.2750
0.4456
0.5494
0.3264
0.1497
1.1090
0.7470
0.4230
0.7647
0.8955
0.3545
1.1554
0.5367
0.9142
0.8169
1.4888
0.9854
0.6887
0.9671
0.7353
0.1137
0.0873
0.3557
0.1757
1.2093
0.7069
0.8194
0.9614
1.0609
0.8531
0.6797
0.5843
1.1513
0.6437
0.5182
0.8607
0.8024
1.1817
0.7845
0.8710
0.7710
0.8424
0.7432
0.2718
1.8093
2.2667
3.9499
0.5547
1.3092
1.5504
0.1565
1.0526
0.1844
1.3320
0.7306
0.8223
0.9215
2.0126
2.2453
2.1034
2.5586
1.5310
2.0894
1.4172
0.4415
1.2209
0.7710
1.0140
1.0824
1.0582
0.7349
0.0360
0.0047
0.0666
0.0128
0.0037
0.0300
0.5025
0.6326
0.0367
0.4634
1.4219
1.8343
1.7558
2.2592
1.8591
1.0690
0.1139
2.5471
1.3831
0.9994
0.7573
0.8220
1.0932
0.4310
0.3866
1.2248
0.5226
0.9619
1.5873
0.6807
1.2947
1.3089
0.6143
0.7371
0.4933
0.6296
1.5241
0.9964
1.0403
1.2703
1.7026
0.4881
0.5302
2.3315
0.7693
1.8148
2.1210
1.6735
1.5855
1.3165
0.0426
0.1825
0.3105
1.0253
0.9102
1.2742
2.2219
1.8086
1.5723
0.4765
0.3424
0.7531
1.2076
1.1403
0.4213
0.0883
1.3220
0.7990
0.0901
1.5632
0.2459
2.3222
1.3414
2.7944
0.6933
1.6802
0.8182
0.5371
0.5066
1.9555
0.8844
0.0000
0.8357
0.8861
0.3291
0.0740
0.7204
0.1925
0.1631
0.5514
1.0439
0.1315
1.4519
0.0955
0.4679
1.1806
0.2862
0.4150
0.4646
0.6782
1.9418
1.2417
0.0300
0.0512
0.5529
0.1364
0.3827
0.8015
0.2303
0.5027
1.5714
0.5296
1.3443
0.6765
2.0434
1.1714
1.1459
1.4929
1.0490
0.1937
0.5632
2.0039
0.6670
0.5316
0.8328
0.6517
1.0232
0.5898
0.9401
0.5052
0.7402
0.8033
0.8802
1.2816
0.8712
0.7106
0.8302
0.6510
1.4684
1.3637
1.0670
1.1108
1.0479
0.9539
0.9335
0.8651
0.8781
2.2935
0.9380
0.9328
0.7270
0.4287
0.6287
1.1124
1.3499
1.6628
0.3940
0.4898
0.7905
0.7105
0.6323
0.5395
0.7561
0.4277
0.7348
0.7082
0.7111
2.0098
0.9851
0.8334
2.1299
0.6217
0.9475
1.5370
1.0310
1.7968
0.0979
0.6003
1.1555
0.7756
0.9433
0.0141
0.9885
1.0941
1.2158
1.7199
0.7723
0.2985
0.6617
0.7413
0.5507
0.5492
0.7155
0.7596
0.8449
0.7388
0.9348
0.5277
0.8164
0.9954
0.8096
0.6184
0.6151
1.2503
3.3209
0.9366
1.1496
0.7590
1.0870
0.7367
0.5419
0.6919
0.3804
1.1971
1.0338
2.0513
0.5651
0.8178
1.0907
0.9562
0.8738
0.4526
0.0726
1.5870
0.1679
0.0763
0.7047
1.2646
2.3921
1.2664
1.3769
2.5394
1.0146
0.7264
1.0471
1.1688
1.3084
0.7815
0.7961
1.2494
2.3407
1.3704
0.4632
1.0977
1.2009
0.5615
0.9772
0.6970
0.9650
0.3536
1.5214
0.9522
1.4300
1.8302
1.0562
0.3791
0.4828
0.6441
0.6893
1.5274
0.7282
2.2208
0.5091
1.0186
1.5544
0.0228
1.4420
1.1086
0.6027
0.5951
0.6726
1.5941
1.2056
0.7480
0.2139
0.1250
2.4119
1.7075
1.5849
0.8201
1.8509
1.1041
1.0395
0.4673
0.1432
0.8488
1.8760
0.5524
0.7465
0.7478
0.7197
2.0272
1.6133
2.6242
1.5275
1.2071
1.1220
1.8668
1.2079
2.5841
1.9333
2.8839
1.5238
0.2630
0.6430
0.5342
1.2928
1.6751
1.0520
0.8726
0.7636
1.0179
1.0456
1.0582
0.7255
1.2714
2.5397
0.2111
0.9237
3.1488
1.4763
0.2685
0.7627
0.3796
1.0572
1.3417
0.1567
0.9368
0.1120
0.8461
2.7566
0.7621
1.1654
0.4843
1.1284
2.2675
2.2480
1.0846
1.7616
2.2710
1.1041
1.7858
1.0092
2.1118
0.7173
0.6545
0.7657
0.5663
0.8669
0.6797
0.4189
0.9823
0.4939
0.4395
0.0954
0.5691
0.8040
0.6500
1.3716
1.8505
1.1619
0.7729
0.7543
0.9142
1.3306
1.1120
0.7109
0.9070
2.1080
1.2085
0.7465
0.7983
1.1545
0.5749
0.5407
0.7556
0.7345
1.1893
0.6203
0.6053
0.7434
0.8157
1.6907
0.3143
0.9059
0.9659
0.8054
0.9958
0.6731
0.3748
1.6609
1.1517
0.8598
1.7831
0.3215
2.6217
1.5167
2.2831
1.9533
1.0590
1.9833
0.5011
0.9551
0.5389
0.6469
0.7357
0.6175
0.5985
1.6730
0.9290
0.4996
0.5232
0.5956
0.6047
0.8905
1.1450
1.0950
1.0008
0.4432
0.6086
1.0552
1.0824
1.7333
0.0545
0.6305
0.7337
0.9366
0.8737
0.8510
1.3819
0.6527
2.5817
0.3037
1.1471
2.6187
1.7787
2.0399
1.3399
0.1024
1.6017
1.0637
2.3161
1.0086
1.6267
1.4240
2.3252
0.9452
1.3598
1.2036
1.8565
1.2458
0.2444
0.2048
1.3882
1.4441
0.7982
1.9950
1.9217
1.6059
1.8163
0.4763
1.8854
1.3630
2.1214
0.9336
2.4130
1.0944
2.0341
2.6978
3.0747
2.4145
2.3618
2.1987
1.5806
2.0338
0.9182
1.5423
0.9699
1.1605
0.2646
1.8246
0.1708
2.8115
1.2595
1.0195
0.8451
1.4175
2.2976
0.9676
1.8886
2.0982
0.9654
1.5826
0.5842
0.1753
0.6023
0.3896
2.5488
2.0337
1.2865
0.3545
1.6586
0.7275
1.2568
1.2169
1.2219
2.7242
1.0840
1.7400
1.2749
1.6649
2.6002
1.2573
0.7681
0.6352
0.9683
1.2163
1.8042
2.4026
1.1094
2.4036
1.3630
2.7815
1.4135
2.7503
0.0688
3.1632
1.2891
1.1186
1.5170
0.9120
1.0481
2.3479
1.0018
0.0679
2.8125
2.2012
0.9913
0.8717
0.9235
0.7781
0.6851
1.1523
0.6447
2.3653
1.0694
0.8295
0.8424
1.8786
1.1049
0.7858
1.9615
0.8646
0.7633
1.1504
0.7221
0.4713
1.2399
0.6131
0.6196
0.6316
0.4755
0.7179
0.7192
0.6182
0.9284
0.5097
0.7182
0.6084
0.5169
0.7678
0.9148
0.8672
0.9192
0.9368
1.5244
0.7189
0.8775
1.1400
0.5125
0.8341
0.9179
0.5554
0.6026
1.9021
1.7332
1.1499
1.0637
0.6176
0.5822
1.0322
1.0984
0.4842
0.8067
0.5007
0.7756
0.6978
0.6086
1.9835
0.6209
1.3465
0.4638
0.5841
0.7252
0.7762
0.5550
0.4782
1.0236
0.8026
0.6922
0.9202
1.0622
0.8480
0.7756
0.6015
0.5647
1.7067
1.3164
2.0183
0.7475
0.5556
1.8433
0.9418
0.4995
0.5785
1.1179
1.5571
0.4351
0.4126
1.6345
2.8309
2.4413
1.3392
0.6071
1.3873
1.3072
0.7742
1.0840
0.9422
0.5276
1.8589
2.5204
1.0351
0.6728
1.1150
0.8817
1.3426
1.1702
0.5652
0.5349
1.2948
1.3828
2.3280
1.5109
1.1673
0.6185
1.0706
2.1907
