936 1086 976 972 1226 1078 1162 1092 1304 1038 924 938 936 1134 1104 1200 1038 1060 960 914 1208 1012 1060 1054 1014 924 780 884 886 962 1084 1086 1076 894 828 1280 970 1106 1076 1076 1010 802 898 1172 1134 1082 1118 980 932 1004 894 1070 1020 930 834 1122 1036 1026 1006 1446 904 1140 990 932 990 1272 838 1024 1140 1226 1074 1094 970 1056 986 856 982 1032 1342 1022 1382 1010 1062 1054 1070 1038 1036 1040 964 1020 1160 936 1040 1270 1192 932 986 1020 1128 1204
978 1044 1032 982 1316 1002 1196 1206 1224 1152 974 974 956 1072 1220 1160 940 994 946 1002 1146 998 1026 958 1110 876 736 890 810 938 1034 1060 1120 950 854 1236 1002 1176 1100 1088 1050 830 960 1132 1128 1180 1216 1068 874 1056 922 1158 1116 1022 908 1152 1068 1150 1066 1258 874 1196 1030 918 940 1346 830 1074 1146 1144 1070 1082 1062 1004 972 818 928 1058 1336 1074 1368 1058 1080 1088 956 1112 1048 992 826 1002 1226 888 1054 1216 1220 948 1036 952 1102 1162
1022 1030 1006 1004 1248 1104 1260 1058 1348 1106 912 884 900 1110 1134 1176 1014 1000 942 906 1158 1030 1024 918 1108 1006 762 940 902 938 1068 1038 1084 1026 886 1166 1054 1120 1150 1008 1062 718 960 1114 1182 1154 1156 1032 912 942 1040 1120 1066 1062 830 1122 978 1118 1042 1320 920 1156 1030 998 1044 1378 774 1154 1108 1214 1070 1072 1010 1100 1004 896 1024 1042 1292 1046 1340 998 1042 1116 1070 1026 1042 1040 974 1036 1180 910 1094 1178 1164 932 988 904 1116 1296
970 1106 1002 950 1250 1002 1236 1068 1324 1074 876 958 964 1166 1176 1128 1018 1048 900 880 1174 1040 1066 1022 1018 984 794 918 922 898 1110 1004 1046 876 826 1230 1032 1148 1126 1036 1052 798 914 1104 1052 1172 1112 1068 980 1098 950 1172 1196 1094 844 1202 964 1058 1074 1276 970 1152 1002 880 1048 1412 750 1156 1128 1190 1152 1074 956 1046 986 856 1008 1138 1282 1030 1418 994 1018 1046 1066 1016 1046 1024 862 1048 1212 942 1048 1210 1200 948 1034 906 1202 1216
964 1082 1046 946 1294 1044 1262 1080 1298 1082 962 892 974 1046 1234 1066 936 1020 858 892 1152 1080 1022 974 1132 1012 836 888 726 992 1066 1120 1142 978 840 1096 1030 1144 1098 1116 1028 788 848 1116 1054 1160 1158 1002 996 1170 1004 1164 1074 1066 832 1184 1078 1036 1018 1212 856 1204 908 868 1006 1400 798 1102 1134 1218 1038 1136 1044 1018 954 870 1002 984 1316 1110 1290 950 1064 1092 1044 1056 1070 1072 924 1064 1170 892 1100 1150 1226 938 1020 886 1156 1254
994 1084 982 1074 1328 1044 1192 1104 1254 1142 888 944 916 1114 1226 1194 972 998 994 872 1192 1092 1022 1052 1024 956 848 988 872 938 1088 1056 1078 920 878 1176 946 1100 1108 1012 1030 744 968 1152 1170 1182 1118 972 966 1046 1052 1080 1140 940 794 1118 1008 990 974 1378 850 1200 1006 870 982 1332 908 1078 1228 1106 1042 1164 1078 900 964 882 956 1036 1354 1070 1324 1002 1016 1054 938 1136 1082 1038 856 1014 1214 854 1134 1254 1180 912 1040 990 1138 1336
914 1068 1010 930 1258 986 1160 1104 1338 1086 872 990 912 1098 1118 1184 940 1116 922 908 1138 1074 1030 984 1044 918 732 964 874 900 1052 1008 1054 1000 828 1266 942 1128 1072 1002 1062 740 996 1040 1084 1144 1136 940 894 1072 1026 1080 1162 1036 760 1206 1056 1088 1048 1238 888 1200 972 900 1016 1334 758 1104 1134 1228 1042 1100 918 996 1052 818 954 1092 1330 1050 1310 1092 1060 1084 1046 1074 1002 1116 920 1080 1196 858 1094 1244 1234 964 984 1010 1048 1194
910 1072 932 944 1290 1090 1266 1122 1348 1122 1010 952 860 1120 1204 1084 962 1000 934 960 1214 1126 1078 1016 1044 928 804 910 822 988 1010 1060 1104 940 810 1170 970 1142 1112 1052 1024 802 940 1020 1130 1188 1144 944 1040 1096 1004 1166 1124 1022 826 1176 1050 1078 960 1328 936 1192 1004 866 1052 1284 868 1096 1126 1168 1074 1152 974 918 968 904 964 1058 1406 1152 1380 1038 988 1052 1084 1110 1120 1014 900 1030 1176 914 1098 1204 1146 998 1074 1010 1110 1220
1054 1088 1000 984 1318 1080 1310 1088 1288 1082 932 920 886 1026 1172 1172 926 1034 870 888 1116 1050 1056 986 1096 930 796 890 822 944 1036 1010 1048 948 886 1302 1052 1124 1120 1116 976 710 1004 1068 1150 1192 1196 972 872 1084 1000 1050 1180 968 770 1072 1146 1024 1046 1304 914 1146 982 908 1032 1260 742 1178 1068 1114 1088 1034 1020 1048 1002 848 996 964 1334 1102 1340 1058 1016 1088 992 992 1034 1078 860 1044 1228 860 1138 1274 1196 1026 1138 910 1098 1198
932 1058 1004 1062 1292 1036 1224 1180 1310 1128 950 1038 914 1080 1144 1178 914 994 1034 858 1148 1042 966 1008 1064 902 824 974 914 990 1110 1054 1060 912 906 1174 980 1070 1144 1060 988 742 960 1114 1126 1214 1166 972 982 1102 1032 1042 1120 1056 794 1104 1070 1066 1010 1232 912 1150 1014 972 1036 1448 818 1028 1160 1248 1068 1146 1032 956 1000 876 994 1086 1300 1012 1414 1016 1104 1048 1026 1066 1064 1024 998 1006 1068 948 1252 1232 1202 866 1076 1042 1084 1266
