43
55
56
55
41
57
42
61
41
45
43
57
53
37
40
57
50
45
37
40
50
67
58
53
41
66
46
46
56
40
37
47
57
57
56
49
41
45
47
50
64
48
55
51
59
60
50
42
50
54
41
68
44
54
56
46
40
56
47
48
53
54
56
48
54
47
36
61
58
56
51
68
43
45
44
49
59
45
50
54
67
48
55
57
52
45
48
50
56
54
49
61
53
43
54
46
59
57
36
57
51
48
51
43
54
56
54
57
48
41
44
58
51
59
41
46
56
52
46
42
40
61
45
49
55
55
51
40
62
54
52
47
46
52
47
53
44
48
50
46
52
50
59
49
37
55
48
47
38
52
54
52
45
53
39
41
56
54
50
41
52
56
40
49
46
45
42
57
43
50
38
50
71
49
46
40
53
50
43
41
56
54
51
50
48
44
54
54
46
54
50
52
43
50
49
51
63
44
43
46
50
43
57
44
41
38
60
58
49
50
51
49
43
46
50
58
47
40
61
47
48
42
34
46
64
58
55
41
48
48
46
47
47
56
50
44
37
58
48
37
52
41
48
55
60
55
56
48
44
51
56
54
51
44
59
45
46
64
58
57
52
47
48
42
62
49
39
58
50
57
56
60
50
57
43
39
62
57
47
44
57
59
52
62
53
56
35
36
62
55
49
61
42
46
37
53
49
50
59
52
58
41
45
45
57
42
44
53
37
44
42
40
59
46
39
56
56
55
44
58
46
47
48
57
50
60
61
58
54
52
42
45
50
46
44
39
47
45
41
61
65
52
43
55
50
46
55
48
53
50
46
44
51
49
33
57
52
47
38
57
51
43
55
45
43
52
57
59
48
50
41
43
57
42
62
49
42
50
44
57
47
43
56
46
55
56
57
44
50
35
51
52
55
51
46
52
48
39
56
58
51
35
43
41
49
55
58
57
44
65
49
53
46
50
47
53
49
62
42
44
41
39
46
45
58
72
49
44
40
53
50
41
43
45
55
61
51
43
39
42
54
45
40
61
57
53
57
41
49
41
54
59
42
45
49
49
51
45
52
59
46
41
58
60
56
50
50
56
40
47
60
49
43
42
54
52
50
46
46
47
44
53
59
40
55
45
38
47
53
39
46
44
43
59
38
46
55
50
39
55
43
52
46
36
51
43
48
61
48
47
51
56
45
50
58
45
54
46
42
57
56
52
55
51
47
65
47
41
43
52
51
48
49
62
54
49
54
64
49
60
44
45
31
56
41
46
52
59
44
51
43
53
61
36
53
55
32
47
57
51
43
45
50
51
42
49
43
44
52
56
58
54
43
52
45
61
50
46
35
48
49
38
51
58
38
58
43
55
55
41
45
46
62
50
56
55
46
47
50
40
51
56
56
55
35
58
59
46
40
51
55
52
54
41
51
31
47
44
44
52
55
51
39
51
52
74
49
47
48
50
57
46
47
38
47
54
51
53
47
52
43
47
54
35
47
51
53
39
54
50
53
45
45
50
51
57
54
56
50
42
50
53
56
47
52
43
51
48
57
50
56
46
60
51
63
53
33
56
59
45
58
43
51
47
47
40
49
46
54
37
52
44
49
56
41
48
40
49
38
55
54
48
52
50
38
51
36
40
55
56
52
63
50
51
53
41
53
45
42
56
43
48
50
50
42
46
45
49
65
51
49
34
32
36
47
40
48
47
39
40
46
50
52
43
60
39
53
45
49
46
38
43
43
39
43
57
61
54
59
48
58
41
56
61
44
51
36
47
53
51
46
47
47
62
45
42
57
51
57
56
48
52
50
47
45
58
35
52
48
59
40
49
38
56
37
40
43
55
45
53
45
44
46
51
45
52
49
39
42
50
41
54
49
52
45
51
46
46
58
53
55
41
62
55
49
55
54
45
49
61
55
56
39
56
55
57
45
59
35
51
58
49
50
48
43
53
42
44
44
45
44
49
44
51
55
35
47
55
42
58
49
51
41
43
53
54
44
46
47
54
62
70
44
47
51
51
52
49
40
38
48
55
50
51
46
37
53
39
61
49
59
54
46
64
46
49
53
49
47
59
58
53
36
42
47
51
43
45
42
44
55
41
52
41
55
51
60
45
43
45
48
54
56
50
52
43
55
59
58
50
42
46
32
60
55
46
49
42
36
48
42
56
59
46
52
50
57
56
63
50
55
49
38
60
48
44
50
60
60
43
62
54
51
48
44
52
53
47
42
49
55
43
44
55
35
54
36
40
53
42
34
46
46
48
53
39
51
57
59
62
46
48
45
62
54
45
46
66
51
46
