29
24
30
23
40
25
34
26
24
32
29
42
29
21
41
19
31
26
37
35
37
31
33
35
29
30
37
32
28
25
29
21
26
32
33
34
33
24
33
26
19
19
27
28
36
22
43
33
25
37
33
29
30
22
17
26
31
30
22
31
28
35
31
25
28
22
30
35
31
25
34
32
23
31
37
37
33
26
31
29
29
27
22
20
29
30
32
22
37
33
27
25
25
32
27
24
29
25
24
27
40
21
21
22
20
28
33
25
26
24
26
31
30
33
27
28
31
41
21
27
27
38
31
31
13
44
37
26
33
29
23
33
24
26
34
30
34
29
25
31
32
28
39
18
31
19
25
37
22
22
27
36
25
35
31
32
35
36
36
23
28
39
26
30
33
31
34
24
23
31
30
27
30
26
24
28
35
35
25
42
15
33
26
25
23
16
32
27
28
34
37
33
27
32
31
26
36
31
19
34
29
24
31
23
26
24
29
34
30
19
28
32
25
23
30
30
18
29
27
23
19
31
26
31
36
27
19
25
39
30
20
27
29
27
26
39
25
28
27
26
23
31
29
30
29
33
31
31
29
25
29
15
26
31
17
32
24
29
16
29
29
25
22
26
34
37
36
26
31
28
28
39
33
28
34
31
36
36
29
33
30
24
23
36
32
36
27
26
32
28
29
31
35
40
23
34
35
26
27
38
29
37
18
27
26
35
28
29
27
34
29
42
30
32
34
20
22
21
32
29
21
23
30
39
30
28
34
27
30
35
33
35
28
31
31
26
29
40
40
29
33
34
32
26
34
25
24
23
36
36
23
30
34
21
27
17
32
22
29
24
24
28
32
32
21
21
31
30
29
29
29
30
30
26
26
38
37
30
30
27
29
26
35
37
39
28
19
35
20
31
26
29
17
24
35
21
23
28
25
41
36
38
34
23
25
27
24
41
28
26
20
24
33
24
35
33
33
26
19
27
28
23
32
34
40
41
36
21
35
32
27
37
28
25
27
24
30
33
39
25
22
32
22
25
25
31
37
39
44
31
24
37
27
32
34
33
25
25
25
34
29
23
24
29
27
25
26
28
31
31
31
30
33
34
31
30
29
24
32
32
23
24
25
35
32
33
34
37
24
23
30
23
28
27
22
36
30
36
27
24
27
21
34
33
25
31
27
34
18
34
28
36
30
24
29
34
36
27
34
31
40
33
25
30
34
36
19
28
29
31
32
42
28
26
27
25
27
38
25
32
34
34
28
33
30
27
36
28
24
27
19
32
23
30
22
36
31
33
26
26
27
36
28
29
34
18
36
25
20
28
30
24
30
27
35
25
33
31
39
26
24
38
20
35
34
36
34
34
26
30
29
31
31
32
34
36
33
34
30
32
24
23
37
22
28
22
27
32
30
33
30
36
27
36
25
34
33
24
29
18
21
23
33
35
25
30
32
29
28
22
30
21
27
25
30
27
39
37
43
27
24
28
24
40
32
29
24
22
35
27
29
30
29
33
27
26
25
48
42
36
24
31
25
23
27
20
19
32
33
22
31
26
28
30
26
25
24
32
34
30
30
25
30
26
31
29
28
22
32
27
31
34
33
35
18
36
30
31
34
29
28
29
26
28
25
29
30
31
34
20
40
28
21
29
33
31
28
30
34
40
22
36
36
34
27
36
27
21
31
34
23
23
28
36
40
35
27
26
28
21
39
32
34
28
32
28
39
17
36
32
29
22
32
27
22
34
34
31
25
25
23
27
28
36
32
23
22
31
25
22
17
34
38
33
30
21
29
30
35
34
30
28
25
30
26
31
25
27
32
22
26
21
26
37
26
30
23
25
32
35
33
24
39
26
19
25
28
26
24
18
28
28
31
26
29
26
27
34
36
23
30
27
36
23
38
24
24
33
24
26
30
35
27
30
26
21
22
23
35
28
34
24
27
27
20
42
27
31
28
30
25
21
33
23
28
27
18
23
38
31
34
37
22
27
31
26
33
27
33
25
27
34
26
35
29
27
20
27
23
26
33
29
24
15
28
21
28
30
22
21
28
35
28
38
26
32
34
30
29
29
25
34
27
23
36
23
23
14
31
39
31
32
26
22
34
29
34
27
27
36
44
23
29
27
37
31
35
30
38
31
33
22
33
21
28
27
30
23
31
30
29
29
30
35
42
31
23
24
29
25
25
36
32
13
29
35
24
22
26
32
35
28
23
25
21
37
26
23
38
26
39
24
33
31
29
33
27
30
30
27
23
25
34
33
38
21
23
27
28
25
28
26
35
29
23
26
23
30
31
28
