4.560962660469476855e-03
4.976112628317696032e-03
4.190496152957171386e-03
5.009422116931741553e-03
5.008609690380179044e-03
4.461034194627342027e-03
4.212431669849347853e-03
5.158908602419162541e-03
4.319671974655540925e-03
4.373292127058637895e-03
5.355515827897183896e-03
5.122349407598869586e-03
4.550401115299170310e-03
4.922492475914599062e-03
4.662515979414735834e-03
4.950114978667709623e-03
5.825910801251624194e-03
5.093914478294196517e-03
4.527653171855432201e-03
4.314797415346168473e-03
4.539839570128862897e-03
4.258739983288385711e-03
4.810377611799033538e-03
4.349731757063338144e-03
5.026483074514544701e-03
4.863185337650567999e-03
4.959864097286454526e-03
4.839624967655268249e-03
4.045071800227560341e-03
5.769853369193841432e-03
5.006984837277054894e-03
5.331955457901884146e-03
4.595084575635084018e-03
4.637330756316311933e-03
5.182468972414462291e-03
5.251525229297239125e-03
4.974487775214571882e-03
5.240151257575370071e-03
4.573961485294470060e-03
4.577211191500718361e-03
5.383138330650294456e-03
4.868872323511502960e-03
5.035419766581727095e-03
4.348919330511775636e-03
4.816877024211530141e-03
5.067104402092648466e-03
4.809565185247471029e-03
4.547963835644483650e-03
5.184093825517586442e-03
5.202779636203514607e-03
4.569086925985097608e-03
5.098789037603568969e-03
5.914465295371889968e-03
4.749445620431877457e-03
5.432696350295581483e-03
4.758382312499060719e-03
5.260461921364421520e-03
4.802253346283412785e-03
4.361918155336768840e-03
4.920867622811474912e-03
5.069541681747334258e-03
5.017546382447361439e-03
4.759194739050622361e-03
5.129661246562927830e-03
4.917617916605226611e-03
4.190496152957171386e-03
4.998860571761434141e-03
4.570711779088221759e-03
4.437473824632042277e-03
5.362827666861243008e-03
4.594272149083521509e-03
4.383853672228945307e-03
4.925742182120847364e-03
4.834750408345895797e-03
5.041106752442662056e-03
4.802253346283412785e-03
4.786004815252171279e-03
4.778692976288112168e-03
4.988299026591127595e-03
4.977737481420820183e-03
4.791691801113105373e-03
4.896494826264612653e-03
4.788442094906857072e-03
4.621894651836632069e-03
4.890807840403678559e-03
4.587772736671024906e-03
4.806315479041222728e-03
4.324546533964913377e-03
5.080915653469203312e-03
4.773818416978739716e-03
4.319671974655540925e-03
5.150784336903541788e-03
5.129661246562927830e-03
4.543901702886673707e-03
5.343329429623753200e-03
5.412385686506529167e-03
4.831500702139647496e-03
5.022420941756733891e-03
5.408323553748719224e-03
4.959864097286454526e-03
4.337545358789906581e-03
5.210903901719135360e-03
4.358668449130520539e-03
4.627581637697567030e-03
4.634893476661625274e-03
4.872934456269312903e-03
4.790879374561543731e-03
4.523591039097621391e-03
4.937928580394278927e-03
5.166220441383220785e-03
4.884308427991181957e-03
4.867247470408378809e-03
5.454631867187757083e-03
4.916805490053664969e-03
4.308298002933671871e-03
5.786101900225082938e-03
4.876184162475561204e-03
4.856685925238071397e-03
5.007797263828617403e-03
4.940365860048964719e-03
4.626769211146004521e-03
4.786004815252171279e-03
4.630831343903815331e-03
4.556900527711666912e-03
4.205119830885288741e-03
4.809565185247471029e-03
5.401824141336222622e-03
4.699075174235029656e-03
5.244213390333180014e-03
5.061417416231713505e-03
4.924929755569285722e-03
4.419600440497676620e-03
4.761632018705309020e-03
4.950927405219272132e-03
4.931429167981782324e-03
5.019983662102048098e-03
4.974487775214571882e-03
5.392887449269039360e-03
5.136160658975424433e-03
5.274273172740977234e-03
5.383138330650294456e-03
4.358668449130520539e-03
5.500940180626794941e-03
4.453722355663282916e-03
5.447320028223697971e-03
4.965551083147389487e-03
5.297021116184715342e-03
5.037044619684851246e-03
4.394415217399251852e-03
5.476567384079932682e-03
4.764881724911557322e-03
4.768943857669367264e-03
4.592647295980397358e-03
4.640580462522560234e-03
4.686076349410036451e-03
4.994798439003624198e-03
4.868872323511502960e-03
4.572336632191345909e-03
4.274988514319627217e-03
5.288084424117532080e-03
4.530902878061680503e-03
4.458596914972655367e-03
4.486219417725765927e-03
4.825001289727150894e-03
5.039481899339537906e-03
5.411573259954967526e-03
4.500843095653883283e-03
4.967175936250513638e-03
4.881058721784933656e-03
4.970425642456761939e-03
4.960676523838017035e-03
5.185718678620710592e-03
5.260461921364421520e-03
4.577211191500718361e-03
4.541464423231987048e-03
4.507342508066379885e-03
4.705574586647526258e-03
4.931429167981782324e-03
4.512217067375752337e-03
4.865622617305254659e-03
4.748633193880315816e-03
5.803162857807886085e-03
4.617020092527259617e-03
4.755132606292812418e-03
5.256399788606611577e-03
5.074416241056706710e-03
4.513029493927314846e-03
4.361918155336768840e-03
4.490281550483576738e-03
4.584523030464777472e-03
4.890807840403678559e-03
4.871309603166188752e-03
5.356328254448746405e-03
4.421225293600800771e-03
4.387915804986755250e-03
5.700797112311065465e-03
4.603208841150704771e-03
5.207654195512887059e-03
4.842874673861516550e-03
4.786817241803732921e-03
4.669827818378794945e-03
4.694200614925657204e-03
4.777880549736550526e-03
4.616207665975697975e-03
4.990736306245813388e-03
5.162158308625410842e-03
5.075228667608269219e-03
4.898932105919299312e-03
4.777068123184988017e-03
5.247463096539428315e-03
5.102038743809817270e-03
5.183281398966024800e-03
4.472408166349211081e-03
4.996423292106748348e-03
4.552025968402294460e-03
4.544714129438235349e-03
4.911118504192730008e-03
4.842062247309954041e-03
5.331143031350321637e-03
5.198717503445703797e-03
4.729134956642826008e-03
5.043544032097347848e-03
4.713698852163147011e-03
4.580460897706966662e-03
5.019171235550485589e-03
4.894869973161488502e-03
4.794941507319353674e-03
4.650329581141305138e-03
5.678861595418888998e-03
4.438286251183603918e-03
4.765694151463118963e-03
5.346579135830001502e-03
5.163783161728534993e-03
4.382228819125821156e-03
5.027295501066106342e-03
4.606458547356953072e-03
4.325358960516475886e-03
5.266961333776918122e-03
5.083352933123889972e-03
5.058167710025465204e-03
5.240151257575370071e-03
4.936303727291154776e-03
4.495968536344510831e-03
4.105191365043153913e-03
3.865525532332342567e-03
4.660891126311611683e-03
4.389540658089879401e-03
4.932241594533343966e-03
5.050855871061406960e-03
4.658453846656925891e-03
4.711261572508460352e-03
4.895682399713051011e-03
4.731572236297511801e-03
5.704046818517313766e-03
4.525215892200745542e-03
5.193842944136331345e-03
4.765694151463118963e-03
5.214966034476945303e-03
4.303423443624299419e-03
5.415635392712777468e-03
4.874559309372437053e-03
5.084165359675451613e-03
4.924929755569285722e-03
4.871309603166188752e-03
4.708011866302212051e-03
4.414725881188304168e-03
4.414725881188304168e-03
5.239338831023807562e-03
4.604833694253828921e-03
5.192218091033207195e-03
5.235276698265997619e-03
5.392887449269039360e-03
4.963926230044265336e-03
4.418788013946114111e-03
4.840437394206829891e-03
4.998860571761434141e-03
4.641392889074121876e-03
5.142660071387921035e-03
4.153936958136878431e-03
5.302708102045649435e-03
4.604833694253828921e-03
4.608083400460077222e-03
5.034607340030165454e-03
4.335920505686782431e-03
4.781942682494360469e-03
4.849374086274013153e-03
4.985049320384879294e-03
4.808752758695909388e-03
4.265239395700882313e-03
5.076853520711393369e-03
5.118287274841058776e-03
5.104476023464503930e-03
5.075228667608269219e-03
4.225430494674341057e-03
4.660891126311611683e-03
4.660891126311611683e-03
5.356328254448746405e-03
4.436661398080479768e-03
4.469158460142962780e-03
5.511501725797102354e-03
4.401727056363310964e-03
5.437570909604953935e-03
4.564212366675725156e-03
4.690950908719408903e-03
5.115849995186372984e-03
4.849374086274013153e-03
5.032982486927041303e-03
5.097164184500444818e-03
4.294486751557117024e-03
4.670640244930356587e-03
4.937116153842716418e-03
4.636518329764749424e-03
5.066291975541085957e-03
4.860748057995882207e-03
4.590210016325711566e-03
5.024045794859858041e-03
4.649517154589742629e-03
4.675514804239729039e-03
4.627581637697567030e-03
4.993986012452061689e-03
4.767319004566243114e-03
4.714511278714708653e-03
4.841249820758392400e-03
4.903806665228671764e-03
3.954080026452608775e-03
4.344044771202403184e-03
4.499218242550759132e-03
4.967175936250513638e-03
5.032170060375478794e-03
4.963926230044265336e-03
4.969613215905199430e-03
4.269301528458693124e-03
5.310019941009707679e-03
4.705574586647526258e-03
4.703949733544402108e-03
4.415538307739865810e-03
4.962301376941141186e-03
5.284834717911283779e-03
4.295299178108679533e-03
4.266051822252444822e-03
5.027295501066106342e-03
5.093102051742634875e-03
5.054918003819216903e-03
4.595897002186645659e-03
4.668202965275670795e-03
5.053293150716092752e-03
4.730759809745950159e-03
4.976112628317696032e-03
5.487941355801801736e-03
4.714511278714708653e-03
4.551213541850731951e-03
4.847749233170889002e-03
4.887558134197430258e-03
4.856685925238071397e-03
4.412288601533617509e-03
4.565837219778849307e-03
4.520341332891373090e-03
4.914368210398978309e-03
4.855061072134947246e-03
4.844499526964640701e-03
4.829875849036523346e-03
4.925742182120847364e-03
4.115752910213461326e-03
4.863185337650567999e-03
5.287271997565970438e-03
4.653579287347553439e-03
4.506530081514818244e-03
4.296924031211803684e-03
4.914368210398978309e-03
4.655204140450677590e-03
4.850998939377137303e-03
4.487844270828890078e-03
5.066291975541085957e-03
4.927367035223971514e-03
5.275085599292538875e-03
5.206029342409762908e-03
4.989111453142689237e-03
4.546338982541359500e-03
4.513841920478876488e-03
4.695013041477218846e-03
4.630831343903815331e-03
5.027295501066106342e-03
4.632456197006939481e-03
5.485504076147115944e-03
4.955801964528644583e-03
5.049231017958282809e-03
4.484594564622641777e-03
4.380603966022697006e-03
4.383853672228945307e-03
4.673889951136604888e-03
5.110163009325438023e-03
5.010234543483303195e-03
4.747820767328753307e-03
4.726697676988140216e-03
4.303423443624299419e-03
4.858310778341195547e-03
4.686076349410036451e-03
4.940365860048964719e-03
4.655204140450677590e-03
5.091477198639510725e-03
4.688513629064722243e-03
4.781942682494360469e-03
4.947677699013023830e-03
4.857498351789633906e-03
4.878621442130246996e-03
5.306770234803459378e-03
4.812002464902157689e-03
4.791691801113105373e-03
4.566649646330411816e-03
4.543901702886673707e-03
5.192218091033207195e-03
4.508967361169504036e-03
4.994798439003624198e-03
4.920055196259913270e-03
4.562587513572601006e-03
4.847749233170889002e-03
4.905431518331795915e-03
4.803065772834974427e-03
4.940365860048964719e-03
4.357856022578958897e-03
5.037044619684851246e-03
4.664140832517859984e-03
5.377451344789360363e-03
4.595084575635084018e-03
4.762444445256870662e-03
4.746195914225629156e-03
4.404164336017996756e-03
5.062229842783276014e-03
4.496780962896073340e-03
5.346579135830001502e-03
5.050855871061406960e-03
4.339982638444593241e-03
5.292146556875342890e-03
4.941178286600527228e-03
5.188155958275397252e-03
4.742946208019380855e-03
4.723447970781891915e-03
4.846936806619326493e-03
4.671452671481919096e-03
4.721010691127205255e-03
5.121536981047307077e-03
4.904619091780233406e-03
4.405789189121120907e-03
4.421225293600800771e-03
4.864810190753692150e-03
5.063042269334837656e-03
4.762444445256870662e-03
4.814439744556843481e-03
4.431786838771107316e-03
4.586960310119463265e-03
4.644642595280370177e-03
4.695825468028781355e-03
4.685263922858473942e-03
4.335920505686782431e-03
4.242491452257144205e-03
5.040294325891099547e-03
5.470880398218998589e-03
4.536589863922614596e-03
5.098789037603568969e-03
4.364355434991455500e-03
4.622707078388194578e-03
4.616207665975697975e-03
4.682014216652225641e-03
4.579648471155405021e-03
4.307485576382110229e-03
4.494343683241386680e-03
4.770568710772491415e-03
5.110163009325438023e-03
4.201057698127478798e-03
4.916805490053664969e-03
4.869684750063064602e-03
4.440723530838290578e-03
5.058167710025465204e-03
4.708011866302212051e-03
4.716136131817832804e-03
5.002922704519244951e-03
5.210091475167572851e-03
4.633268623558501123e-03
4.335920505686782431e-03
4.227055347777465208e-03
5.119912127944182927e-03
5.101226317258255628e-03
5.348203988933125652e-03
4.561775087021039364e-03
5.547248494065833667e-03
4.162873650204060826e-03
5.093102051742634875e-03
4.881058721784933656e-03
4.828250995933399195e-03
5.001297851416120800e-03
4.896494826264612653e-03
4.949302552116147981e-03
5.075228667608269219e-03
5.346579135830001502e-03
4.884308427991181957e-03
4.664140832517859984e-03
4.694200614925657204e-03
4.658453846656925891e-03
4.697450321131905505e-03
5.055730430370779412e-03
5.006984837277054894e-03
4.656016567002239231e-03
4.950927405219272132e-03
4.627581637697567030e-03
4.799003640077164484e-03
4.426912279461734864e-03
5.158908602419162541e-03
4.871309603166188752e-03
4.738884075261570912e-03
4.929804314878658174e-03
5.331955457901884146e-03
3.954892453004170416e-03
4.573149058742908418e-03
5.220653020337880264e-03
5.192218091033207195e-03
4.963926230044265336e-03
5.398574435129974321e-03
4.616207665975697975e-03
4.706387013199087900e-03
4.669015391827232436e-03
4.870497176614627111e-03
4.797378786974040334e-03
5.235276698265997619e-03
4.908681224538044216e-03
5.042731605545786207e-03
4.976925054869258541e-03
5.027295501066106342e-03
5.158096175867600899e-03
4.774630843530302225e-03
5.152409190006665939e-03
4.644642595280370177e-03
4.691763335270970545e-03
4.514654347030438997e-03
5.054105577267655261e-03
4.370854847403952102e-03
4.589397589774149057e-03
4.394415217399251852e-03
4.790066948009981222e-03
5.275085599292538875e-03
4.573961485294470060e-03
4.429349559116421524e-03
5.760916677126658170e-03
4.918430343156789120e-03
4.284737632938372121e-03
5.351453695139373953e-03
4.230305053983713509e-03
4.846936806619326493e-03
5.298645969287839493e-03
4.226242921225902699e-03
4.897307252816175162e-03
4.539839570128862897e-03
4.705574586647526258e-03
4.838000114552144099e-03
4.979362334523944333e-03
5.067104402092648466e-03
4.661703552863174192e-03
5.194655370687893854e-03
4.403351909466435114e-03
4.806315479041222728e-03
4.286362486041496271e-03
4.724260397333453557e-03
4.886745707645867749e-03
4.845311953516202343e-03
5.219840593786317755e-03
4.571524205639784268e-03
4.479720005313269325e-03
4.388728231538317759e-03
4.781942682494360469e-03
4.826626142830275044e-03
4.722635544230329406e-03
4.721010691127205255e-03
3.848464574749538986e-03
4.790066948009981222e-03
4.258739983288385711e-03
5.552123053375206119e-03
5.015109102792675647e-03
4.922492475914599062e-03
4.168560636064995786e-03
4.950927405219272132e-03
4.963113803492702827e-03
5.097976611052007327e-03
5.142660071387921035e-03
5.365264946515928800e-03
5.275085599292538875e-03
5.024858221411420550e-03
4.749445620431877457e-03
5.246650669987866673e-03
4.806315479041222728e-03
5.307582661355021887e-03
5.053293150716092752e-03
5.057355283473903562e-03
4.401727056363310964e-03
5.023233368308296400e-03
4.433411691874231467e-03
5.233651845162873469e-03
5.249900376194114975e-03
5.089039918984824065e-03
4.063757610913488506e-03
4.539839570128862897e-03
4.901369385573985105e-03
4.384666098780506949e-03
5.080103226917641671e-03
4.811190038350595180e-03
4.415538307739865810e-03
5.314082073767518490e-03
4.538214717025738747e-03
4.469158460142962780e-03
4.714511278714708653e-03
5.262086774467545670e-03
4.330233519825848337e-03
4.832313128691209138e-03
5.208466622064448701e-03
4.508154934617942394e-03
4.808752758695909388e-03
4.924929755569285722e-03
4.469970886694524422e-03
4.860748057995882207e-03
5.097164184500444818e-03
4.485406991174204286e-03
4.738884075261570912e-03
4.742133781467819213e-03
5.250712802745676616e-03
4.157186664343126732e-03
4.473220592900772723e-03
5.110975435877000532e-03
4.600771561496018111e-03
4.808752758695909388e-03
4.677952083894415698e-03
5.079290800366079162e-03
4.440723530838290578e-03
5.046793738303596150e-03
4.821751583520902593e-03
5.097164184500444818e-03
4.651142007692866780e-03
5.206029342409762908e-03
5.321393912731576734e-03
4.902994238677109255e-03
4.512217067375752337e-03
5.158908602419162541e-03
4.863185337650567999e-03
4.666578112172546644e-03
4.229492627432151000e-03
5.021608515205172249e-03
5.019171235550485589e-03
4.703949733544402108e-03
4.628394064249128671e-03
4.548776262196046159e-03
4.975300201766134391e-03
4.993173585900500047e-03
5.376638918237797854e-03
5.299458395839401134e-03
4.853436219031823096e-03
4.642205315625684385e-03
4.760007165602184870e-03
4.662515979414735834e-03
4.790879374561543731e-03
5.215778461028507812e-03
4.162061223652499184e-03
4.805503052489661087e-03
5.028107927617668851e-03
4.753507753189688267e-03
4.656016567002239231e-03
5.387200463408105267e-03
4.549588688747607801e-03
5.154846469661352598e-03
4.660891126311611683e-03
4.959864097286454526e-03
5.286459571014407929e-03
4.772193563875615566e-03
5.444070322017450538e-03
4.775443270081863867e-03
4.998048145209872499e-03
4.431786838771107316e-03
4.800628493180288635e-03
4.934678874188030626e-03
5.232839418611310960e-03
4.761632018705309020e-03
4.491093977035138379e-03
4.925742182120847364e-03
4.845311953516202343e-03
4.413101028085180018e-03
5.169470147589469086e-03
5.119099701392621285e-03
4.414725881188304168e-03
4.456159635317969575e-03
4.350544183614899786e-03
5.138597938630111092e-03
4.829063422484960837e-03
4.829063422484960837e-03
4.835562834897457439e-03
5.056542856922341053e-03
5.289709277220656231e-03
5.006172410725493252e-03
4.680389363549101490e-03
4.617832519078822126e-03
4.656828993553801740e-03
5.355515827897183896e-03
5.180031692759776499e-03
4.062945184361925997e-03
5.414010539609653318e-03
4.874559309372437053e-03
4.941990713152088870e-03
5.365264946515928800e-03
4.440723530838290578e-03
4.630018917352252822e-03
5.005359984173930743e-03
4.889182987300554409e-03
4.664953259069422493e-03
4.849374086274013153e-03
4.584523030464777472e-03
4.998048145209872499e-03
5.062229842783276014e-03
4.543089276335111198e-03
4.999672998312996650e-03
5.390450169614353568e-03
4.791691801113105373e-03
4.546338982541359500e-03
5.230402138956625167e-03
4.817689450763091782e-03
4.937116153842716418e-03
5.423759658228398221e-03
5.191405664481645553e-03
4.502467948757007433e-03
4.705574586647526258e-03
4.724260397333453557e-03
4.656828993553801740e-03
4.328608666722724187e-03
5.484691649595553435e-03
4.850998939377137303e-03
4.810377611799033538e-03
5.338454870314380749e-03
4.754320179741249909e-03
5.002110277967682442e-03
4.874559309372437053e-03
4.526028318752308051e-03
4.940365860048964719e-03
4.483782138071080135e-03
4.749445620431877457e-03
4.699075174235029656e-03
5.110975435877000532e-03
4.597521855289769810e-03
4.926554608672409873e-03
4.721823117678767764e-03
5.518001138209598956e-03
4.500030669102321641e-03
4.619457372181946277e-03
4.513841920478876488e-03
5.169470147589469086e-03
4.871309603166188752e-03
4.770568710772491415e-03
5.221465446889441905e-03
4.767319004566243114e-03
4.459409341524217876e-03
4.813627318005281840e-03
4.401727056363310964e-03
5.753604838162599926e-03
5.106913303119189722e-03
4.599959134944456469e-03
4.887558134197430258e-03
5.260461921364421520e-03
4.813627318005281840e-03
4.847749233170889002e-03
4.896494826264612653e-03
4.728322530091264367e-03
4.411476174982055867e-03
5.139410365181672734e-03
4.589397589774149057e-03
5.250712802745676616e-03
4.543901702886673707e-03
4.858310778341195547e-03
5.131286099666051981e-03
4.554463248056980253e-03
4.525215892200745542e-03
4.816064597659967632e-03
5.360390387206556348e-03
4.699075174235029656e-03
4.767319004566243114e-03
4.430974412219545674e-03
4.974487775214571882e-03
4.822564010072464234e-03
4.357856022578958897e-03
4.714511278714708653e-03
4.703137306992839599e-03
4.937928580394278927e-03
4.872934456269312903e-03
4.656828993553801740e-03
4.938741006945840568e-03
4.883496001439619448e-03
5.508252019590854053e-03
5.423759658228398221e-03
5.037044619684851246e-03
4.750258046983439966e-03
4.577211191500718361e-03
4.858310778341195547e-03
4.731572236297511801e-03
4.591022442877273207e-03
4.675514804239729039e-03
4.917617916605226611e-03
4.594272149083521509e-03
4.723447970781891915e-03
5.409948406851843375e-03
4.342419918099279033e-03
4.900556959022423463e-03
4.482157284967955985e-03
5.776352781606338034e-03
5.166220441383220785e-03
4.430161985667983165e-03
4.777880549736550526e-03
4.558525380814791063e-03
4.546338982541359500e-03
5.232839418611310960e-03
4.505717654963255735e-03
4.607270973908514713e-03
5.093914478294196517e-03
4.950114978667709623e-03
4.862372911099006358e-03
4.345669624305527334e-03
4.763256871808433171e-03
4.863997764202130508e-03
4.517904053236687298e-03
4.782755109045922978e-03
4.950927405219272132e-03
5.057355283473903562e-03
5.033794913478602945e-03
4.551213541850731951e-03
5.037044619684851246e-03
5.002110277967682442e-03
4.391977937744566060e-03
5.491191062008050038e-03
4.206744683988412892e-03
4.736446795606884252e-03
4.865622617305254659e-03
4.293674325005555382e-03
4.876996589027122846e-03
4.889995413852116050e-03
4.738884075261570912e-03
4.973675348663010240e-03
4.379791539471134497e-03
4.822564010072464234e-03
4.809565185247471029e-03
5.232026992059749318e-03
4.807127905592785237e-03
4.840437394206829891e-03
5.147534630697293487e-03
4.772193563875615566e-03
4.859935631444319698e-03
5.071978961402020918e-03
4.695013041477218846e-03
5.002110277967682442e-03
4.484594564622641777e-03
4.149062398827505979e-03
4.825001289727150894e-03
4.651142007692866780e-03
5.301895675494087794e-03
4.734009515952198460e-03
4.777880549736550526e-03
5.090664772087948216e-03
4.491906403586700888e-03
4.409038895327369208e-03
4.807940332144346879e-03
5.108538156222313872e-03
5.492003488559612547e-03
5.209279048616011210e-03
4.985861746936440936e-03
4.843687100413078192e-03
4.574773911846032569e-03
4.897307252816175162e-03
4.936303727291154776e-03
4.673077524585043246e-03
5.033794913478602945e-03
5.635802988186099441e-03
4.800628493180288635e-03
5.071978961402020918e-03
4.931429167981782324e-03
4.125502028832206229e-03
4.441535957389852220e-03
4.733197089400635951e-03
4.845311953516202343e-03
4.545526555989797858e-03
4.271738808113378916e-03
5.081728080020765821e-03
4.924117329017723213e-03
5.895779484685962669e-03
4.046696653330684491e-03
4.509779787721066545e-03
5.876281247448472862e-03
4.803878199386536936e-03
4.835562834897457439e-03
4.915993063502102460e-03
5.024045794859858041e-03
4.647079874935056837e-03
4.495968536344510831e-03
4.852623792480261454e-03
5.443257895465888029e-03
4.615395239424135466e-03
5.375826491686236212e-03
5.335205164108132447e-03
4.881871148336495297e-03
4.837187688000581590e-03
5.133723379320738640e-03
4.439098677735166427e-03
5.256399788606611577e-03
4.359480875682083048e-03
4.825001289727150894e-03
4.975300201766134391e-03
4.847749233170889002e-03
4.908681224538044216e-03
4.588585163222587415e-03
5.009422116931741553e-03
5.076041094159830860e-03
5.353078548242498104e-03
4.231117480535275151e-03
4.658453846656925891e-03
5.396137155475287661e-03
4.264426969149320672e-03
5.110975435877000532e-03
5.181656545862900649e-03
4.384666098780506949e-03
4.709636719405336201e-03
4.341607491547717392e-03
4.294486751557117024e-03
5.233651845162873469e-03
5.155658896212914240e-03
4.439911104286728069e-03
4.558525380814791063e-03
5.106913303119189722e-03
4.699887600786591298e-03
5.243400963781618372e-03
5.026483074514544701e-03
4.951739831770833773e-03
5.151596763455104297e-03
4.690950908719408903e-03
4.645455021831932686e-03
5.085790212778575764e-03
5.015109102792675647e-03
4.962301376941141186e-03
4.807127905592785237e-03
4.390353084641441909e-03
5.325456045489387544e-03
4.552025968402294460e-03
4.537402290474177105e-03
4.589397589774149057e-03
4.190496152957171386e-03
4.980174761075506842e-03
5.066291975541085957e-03
4.911118504192730008e-03
5.224715153095690207e-03
4.679576936997539849e-03
4.982612040730192635e-03
5.051668297612968601e-03
4.952552258322396282e-03
5.142660071387921035e-03
5.046793738303596150e-03
4.609708253563201373e-03
4.834750408345895797e-03
4.673077524585043246e-03
4.455347208766407066e-03
4.469158460142962780e-03
4.608083400460077222e-03
4.246553585014955015e-03
5.247463096539428315e-03
4.648704728038180987e-03
5.582995262334564980e-03
4.422850146703924921e-03
4.781942682494360469e-03
4.516279200133563147e-03
4.823376436624026743e-03
5.075228667608269219e-03
4.985049320384879294e-03
4.615395239424135466e-03
5.075228667608269219e-03
4.440723530838290578e-03
4.854248645583385605e-03
4.937928580394278927e-03
5.007797263828617403e-03
5.279960158601911327e-03
5.265336480673793972e-03
4.428537132564859015e-03
4.345669624305527334e-03
5.045168885200471999e-03
5.037857046236413755e-03
5.466005838909626137e-03
5.176781986553528198e-03
4.820939156969340084e-03
4.500843095653883283e-03
4.610520680114763015e-03
5.309207514458146038e-03
5.063854695886400165e-03
4.922492475914599062e-03
4.995610865555185839e-03
5.414010539609653318e-03
5.162970735176972484e-03
4.704762160095963749e-03
4.695013041477218846e-03
4.745383487674067514e-03
4.399289776708624304e-03
4.474845446003896873e-03
4.868872323511502960e-03
4.515466773582000638e-03
4.649517154589742629e-03
