4.789999999999999987e-03
5.032000000000000015e-03
4.100000000000000346e-03
4.729999999999999830e-03
5.069999999999999854e-03
4.873999999999999860e-03
4.577999999999999604e-03
4.680000000000000132e-03
4.447999999999999697e-03
5.230000000000000274e-03
4.467999999999999750e-03
4.126000000000000327e-03
5.066000000000000190e-03
4.697999999999999919e-03
4.484000000000000138e-03
5.337999999999999863e-03
4.423999999999999981e-03
5.447999999999999718e-03
4.493999999999999731e-03
4.887999999999999984e-03
4.533999999999999836e-03
4.738000000000000024e-03
4.596000000000000259e-03
4.551999999999999623e-03
4.579999999999999870e-03
5.138000000000000206e-03
4.862000000000000002e-03
4.755999999999999811e-03
4.236000000000000182e-03
5.069999999999999854e-03
5.253999999999999990e-03
5.179999999999999709e-03
4.596000000000000259e-03
4.936000000000000283e-03
4.974000000000000123e-03
4.400000000000000265e-03
4.688000000000000327e-03
5.153999999999999727e-03
5.478000000000000230e-03
4.873999999999999860e-03
3.804000000000000090e-03
4.858000000000000339e-03
5.244000000000000397e-03
4.564000000000000348e-03
4.170000000000000095e-03
4.836000000000000021e-03
5.164000000000000187e-03
4.473999999999999679e-03
4.991999999999999910e-03
4.830000000000000092e-03
4.611999999999999780e-03
4.585999999999999799e-03
5.218000000000000416e-03
5.222000000000000079e-03
4.577999999999999604e-03
4.700000000000000185e-03
5.057999999999999996e-03
4.325999999999999984e-03
5.294000000000000095e-03
4.985999999999999981e-03
4.833999999999999755e-03
4.660000000000000080e-03
5.590000000000000351e-03
4.283999999999999614e-03
4.950000000000000407e-03
4.412000000000000123e-03
4.527999999999999907e-03
5.147999999999999798e-03
5.115999999999999888e-03
5.262000000000000184e-03
4.813999999999999703e-03
5.106000000000000295e-03
4.608000000000000117e-03
4.571999999999999675e-03
5.328000000000000271e-03
4.400000000000000265e-03
4.902000000000000107e-03
4.657999999999999814e-03
5.127999999999999746e-03
4.406000000000000194e-03
5.049999999999999802e-03
4.418000000000000052e-03
5.006000000000000033e-03
4.691999999999999990e-03
5.198000000000000363e-03
4.876000000000000126e-03
5.092000000000000172e-03
5.011999999999999962e-03
4.464000000000000086e-03
5.087999999999999641e-03
4.498000000000000262e-03
4.784000000000000058e-03
4.559999999999999817e-03
5.029999999999999749e-03
5.479999999999999628e-03
4.963999999999999663e-03
4.342000000000000373e-03
4.775999999999999863e-03
4.806000000000000376e-03
4.531999999999999570e-03
4.564000000000000348e-03
4.793999999999999651e-03
4.787999999999999722e-03
4.129999999999999991e-03
4.533999999999999836e-03
4.773999999999999598e-03
4.786000000000000323e-03
4.328000000000000250e-03
4.905999999999999771e-03
4.922000000000000160e-03
5.570000000000000298e-03
4.677999999999999867e-03
4.697999999999999919e-03
4.884000000000000320e-03
4.706000000000000114e-03
4.207999999999999935e-03
4.166000000000000432e-03
4.897999999999999576e-03
4.602000000000000188e-03
4.714000000000000308e-03
6.058000000000000017e-03
4.611999999999999780e-03
4.577999999999999604e-03
5.133999999999999675e-03
4.654000000000000151e-03
4.642000000000000293e-03
4.486000000000000404e-03
4.786000000000000323e-03
4.991999999999999910e-03
4.642000000000000293e-03
5.945999999999999897e-03
4.922000000000000160e-03
4.636000000000000364e-03
4.767999999999999669e-03
4.712000000000000043e-03
4.798000000000000181e-03
4.172000000000000361e-03
4.896000000000000178e-03
4.760000000000000342e-03
4.057999999999999975e-03
4.689999999999999725e-03
5.239999999999999866e-03
4.127999999999999725e-03
4.449999999999999963e-03
4.761999999999999740e-03
4.290000000000000410e-03
5.089999999999999906e-03
4.198000000000000342e-03
5.758000000000000097e-03
4.244000000000000376e-03
5.513999999999999804e-03
4.355999999999999629e-03
4.686000000000000061e-03
4.852000000000000410e-03
4.363999999999999824e-03
5.048000000000000403e-03
4.126000000000000327e-03
4.911999999999999700e-03
4.636000000000000364e-03
4.706000000000000114e-03
4.512000000000000385e-03
5.579999999999999891e-03
5.452000000000000249e-03
5.173999999999999780e-03
4.584000000000000401e-03
5.317999999999999811e-03
4.354000000000000231e-03
5.100000000000000366e-03
5.198000000000000363e-03
5.144000000000000135e-03
4.415999999999999787e-03
4.308000000000000197e-03
5.406000000000000215e-03
4.562000000000000083e-03
4.464000000000000086e-03
5.536000000000000122e-03
4.449999999999999963e-03
4.764000000000000005e-03
4.080000000000000293e-03
4.599999999999999922e-03
4.683999999999999796e-03
4.890000000000000249e-03
4.412000000000000123e-03
5.153999999999999727e-03
4.908000000000000036e-03
4.706000000000000114e-03
5.265999999999999848e-03
4.617999999999999709e-03
5.366000000000000110e-03
4.695999999999999654e-03
5.815999999999999989e-03
4.689999999999999725e-03
4.666000000000000009e-03
5.008000000000000299e-03
4.824000000000000163e-03
5.083999999999999977e-03
4.407999999999999592e-03
4.908000000000000036e-03
4.383999999999999876e-03
4.925999999999999823e-03
5.146000000000000400e-03
6.000000000000000125e-03
4.810000000000000039e-03
5.481999999999999894e-03
4.588000000000000064e-03
4.916000000000000231e-03
4.505999999999999589e-03
4.447999999999999697e-03
4.487999999999999802e-03
4.887999999999999984e-03
4.890000000000000249e-03
4.766000000000000271e-03
4.948000000000000141e-03
5.701999999999999603e-03
4.533999999999999836e-03
4.706000000000000114e-03
4.930000000000000354e-03
4.897999999999999576e-03
4.602000000000000188e-03
4.717999999999999972e-03
4.558000000000000419e-03
5.041999999999999607e-03
5.109999999999999959e-03
4.407999999999999592e-03
4.945999999999999876e-03
4.446000000000000299e-03
4.654000000000000151e-03
5.011999999999999962e-03
4.812000000000000305e-03
5.207999999999999956e-03
4.573999999999999941e-03
4.758000000000000076e-03
4.786000000000000323e-03
5.187999999999999903e-03
4.492000000000000333e-03
5.617999999999999730e-03
4.498000000000000262e-03
4.769999999999999934e-03
4.844000000000000215e-03
4.427999999999999645e-03
4.654000000000000151e-03
5.127999999999999746e-03
5.288000000000000166e-03
4.945999999999999876e-03
4.486000000000000404e-03
4.945999999999999876e-03
4.152000000000000308e-03
5.081999999999999712e-03
5.118000000000000153e-03
4.680000000000000132e-03
4.617999999999999709e-03
5.839999999999999705e-03
5.086000000000000243e-03
5.492000000000000354e-03
4.871999999999999595e-03
4.400000000000000265e-03
5.141999999999999869e-03
4.769999999999999934e-03
4.360000000000000160e-03
4.741999999999999688e-03
4.873999999999999860e-03
4.337999999999999842e-03
5.202000000000000027e-03
5.041999999999999607e-03
4.610000000000000382e-03
5.190000000000000169e-03
4.447999999999999697e-03
4.965999999999999928e-03
4.486000000000000404e-03
4.991999999999999910e-03
4.599999999999999922e-03
5.335999999999999598e-03
4.505999999999999589e-03
5.263999999999999582e-03
5.139999999999999604e-03
4.193999999999999811e-03
4.460000000000000422e-03
4.663999999999999743e-03
5.263999999999999582e-03
4.833999999999999755e-03
5.144000000000000135e-03
4.789999999999999987e-03
5.093999999999999570e-03
5.738000000000000045e-03
4.922000000000000160e-03
4.415999999999999787e-03
4.865999999999999666e-03
5.218000000000000416e-03
4.527999999999999907e-03
4.957999999999999734e-03
5.093999999999999570e-03
4.936000000000000283e-03
4.798000000000000181e-03
5.061999999999999660e-03
4.885999999999999718e-03
5.614000000000000067e-03
4.715999999999999706e-03
4.547999999999999959e-03
5.237999999999999601e-03
4.939999999999999947e-03
4.798000000000000181e-03
5.438000000000000125e-03
4.401999999999999663e-03
4.460000000000000422e-03
4.821999999999999897e-03
5.035999999999999678e-03
4.852000000000000410e-03
5.386000000000000162e-03
4.662000000000000345e-03
4.527999999999999907e-03
5.017999999999999891e-03
5.179999999999999709e-03
4.556000000000000154e-03
4.584000000000000401e-03
4.329999999999999648e-03
4.735999999999999759e-03
5.120000000000000419e-03
5.323999999999999740e-03
3.815999999999999948e-03
4.360000000000000160e-03
5.893999999999999934e-03
4.864000000000000268e-03
4.407999999999999592e-03
4.328000000000000250e-03
4.657999999999999814e-03
5.026000000000000086e-03
3.810000000000000019e-03
4.853999999999999808e-03
4.440000000000000370e-03
5.403999999999999949e-03
4.493999999999999731e-03
4.741999999999999688e-03
4.675999999999999601e-03
4.956000000000000336e-03
5.360000000000000181e-03
4.669999999999999672e-03
4.931999999999999752e-03
4.930000000000000354e-03
5.496000000000000017e-03
3.916000000000000210e-03
4.974000000000000123e-03
4.355999999999999629e-03
4.858000000000000339e-03
4.531999999999999570e-03
4.622000000000000240e-03
4.781999999999999792e-03
4.309999999999999595e-03
4.493999999999999731e-03
4.617999999999999709e-03
4.420000000000000318e-03
5.395999999999999755e-03
4.934000000000000018e-03
3.866000000000000079e-03
4.945999999999999876e-03
4.752000000000000147e-03
3.464000000000000065e-03
4.596000000000000259e-03
5.331999999999999934e-03
4.173999999999999759e-03
4.337999999999999842e-03
5.029999999999999749e-03
4.596000000000000259e-03
4.666000000000000009e-03
5.029999999999999749e-03
5.107999999999999693e-03
4.081999999999999691e-03
5.323999999999999740e-03
5.544000000000000317e-03
4.995999999999999573e-03
5.486000000000000425e-03
4.974000000000000123e-03
4.821999999999999897e-03
4.853999999999999808e-03
4.447999999999999697e-03
4.870000000000000197e-03
4.764000000000000005e-03
5.072000000000000119e-03
5.083999999999999977e-03
4.268000000000000092e-03
4.274000000000000021e-03
5.242000000000000132e-03
4.911999999999999700e-03
5.257999999999999653e-03
5.184000000000000240e-03
4.596000000000000259e-03
4.740000000000000289e-03
5.037999999999999944e-03
5.444000000000000054e-03
4.531999999999999570e-03
5.165999999999999585e-03
5.028000000000000351e-03
5.028000000000000351e-03
5.026000000000000086e-03
5.172000000000000382e-03
5.602000000000000209e-03
4.668000000000000274e-03
5.458000000000000178e-03
4.625999999999999904e-03
5.568000000000000033e-03
4.516000000000000049e-03
4.421999999999999716e-03
4.887999999999999984e-03
5.028000000000000351e-03
4.438000000000000105e-03
5.052000000000000067e-03
4.464000000000000086e-03
4.599999999999999922e-03
4.611999999999999780e-03
4.648000000000000222e-03
4.827999999999999826e-03
3.691999999999999969e-03
4.544000000000000296e-03
4.394000000000000336e-03
5.006000000000000033e-03
4.948000000000000141e-03
4.460000000000000422e-03
6.133999999999999696e-03
5.407999999999999613e-03
4.640000000000000027e-03
4.161999999999999901e-03
5.395999999999999755e-03
5.026000000000000086e-03
4.264000000000000429e-03
5.100000000000000366e-03
5.009999999999999697e-03
4.283999999999999614e-03
4.020000000000000136e-03
4.470000000000000015e-03
4.510000000000000120e-03
3.945999999999999855e-03
4.879999999999999789e-03
3.697999999999999898e-03
4.810000000000000039e-03
5.207999999999999956e-03
5.464000000000000107e-03
5.083999999999999977e-03
4.144000000000000114e-03
4.758000000000000076e-03
4.314000000000000126e-03
4.037999999999999923e-03
4.314000000000000126e-03
5.205999999999999690e-03
4.429999999999999910e-03
4.675999999999999601e-03
4.501999999999999925e-03
4.754000000000000413e-03
4.432000000000000176e-03
4.507999999999999854e-03
4.976000000000000388e-03
4.830000000000000092e-03
4.781999999999999792e-03
5.386000000000000162e-03
5.106000000000000295e-03
4.253999999999999969e-03
4.691999999999999990e-03
4.398000000000000000e-03
5.075999999999999783e-03
4.867999999999999931e-03
4.983999999999999715e-03
4.493999999999999731e-03
5.237999999999999601e-03
4.348000000000000302e-03
4.778000000000000129e-03
5.109999999999999959e-03
4.836000000000000021e-03
4.720000000000000237e-03
4.394000000000000336e-03
5.003999999999999768e-03
4.948000000000000141e-03
5.309999999999999616e-03
4.383999999999999876e-03
5.259999999999999919e-03
4.743999999999999953e-03
4.591999999999999728e-03
5.109999999999999959e-03
5.551999999999999644e-03
5.323999999999999740e-03
4.582000000000000135e-03
4.124000000000000062e-03
4.804000000000000110e-03
4.767999999999999669e-03
4.245999999999999774e-03
4.573999999999999941e-03
5.063999999999999925e-03
4.466000000000000351e-03
5.083999999999999977e-03
4.649999999999999620e-03
5.279999999999999971e-03
4.741999999999999688e-03
4.236000000000000182e-03
5.179999999999999709e-03
4.799999999999999580e-03
5.547999999999999980e-03
4.551999999999999623e-03
4.928000000000000089e-03
5.087999999999999641e-03
5.006000000000000033e-03
4.764000000000000005e-03
5.296000000000000360e-03
4.925999999999999823e-03
4.870000000000000197e-03
5.207999999999999956e-03
4.277999999999999685e-03
5.323999999999999740e-03
5.414000000000000409e-03
4.963999999999999663e-03
5.308000000000000218e-03
5.146000000000000400e-03
5.486000000000000425e-03
4.882000000000000055e-03
4.758000000000000076e-03
5.043999999999999873e-03
4.166000000000000432e-03
4.853999999999999808e-03
4.847999999999999879e-03
4.512000000000000385e-03
4.366000000000000089e-03
5.113999999999999622e-03
5.634000000000000119e-03
4.388000000000000407e-03
4.703999999999999848e-03
4.760000000000000342e-03
4.224000000000000324e-03
5.377999999999999968e-03
4.858000000000000339e-03
5.446000000000000320e-03
4.799999999999999580e-03
5.248000000000000061e-03
5.199999999999999761e-03
4.908000000000000036e-03
4.290000000000000410e-03
4.311999999999999861e-03
4.747999999999999617e-03
5.022000000000000422e-03
5.132000000000000277e-03
5.317999999999999811e-03
4.761999999999999740e-03
4.608000000000000117e-03
5.351999999999999987e-03
4.954000000000000070e-03
4.380000000000000213e-03
3.954000000000000049e-03
4.688000000000000327e-03
4.729999999999999830e-03
4.651999999999999885e-03
4.176000000000000024e-03
5.202000000000000027e-03
4.959999999999999999e-03
4.850000000000000144e-03
4.374000000000000284e-03
5.124000000000000082e-03
5.314000000000000147e-03
4.819999999999999632e-03
5.046000000000000138e-03
4.922000000000000160e-03
4.669999999999999672e-03
4.285999999999999879e-03
4.856000000000000073e-03
4.329999999999999648e-03
5.403999999999999949e-03
4.649999999999999620e-03
5.190000000000000169e-03
5.326000000000000005e-03
5.363999999999999845e-03
4.859999999999999737e-03
4.524000000000000243e-03
4.512000000000000385e-03
4.544000000000000296e-03
4.957999999999999734e-03
4.553999999999999888e-03
4.956000000000000336e-03
4.242000000000000111e-03
4.701999999999999583e-03
5.259999999999999919e-03
4.858000000000000339e-03
5.100000000000000366e-03
4.303999999999999666e-03
4.971999999999999857e-03
4.415999999999999787e-03
5.185999999999999638e-03
4.277999999999999685e-03
4.715999999999999706e-03
4.351999999999999966e-03
4.204000000000000271e-03
4.703999999999999848e-03
5.034000000000000280e-03
5.830000000000000113e-03
4.614000000000000046e-03
4.721999999999999635e-03
4.395999999999999734e-03
4.878000000000000391e-03
5.250000000000000326e-03
4.922000000000000160e-03
5.041999999999999607e-03
4.818000000000000234e-03
4.383999999999999876e-03
5.087999999999999641e-03
5.355999999999999650e-03
4.643999999999999691e-03
4.989999999999999644e-03
4.599999999999999922e-03
4.466000000000000351e-03
4.824000000000000163e-03
4.603999999999999586e-03
5.614000000000000067e-03
4.570000000000000277e-03
4.427999999999999645e-03
4.995999999999999573e-03
4.813999999999999703e-03
4.651999999999999885e-03
4.335999999999999577e-03
5.086000000000000243e-03
4.856000000000000073e-03
5.677999999999999887e-03
5.588000000000000085e-03
4.963999999999999663e-03
5.429999999999999931e-03
5.322000000000000342e-03
4.974000000000000123e-03
4.833999999999999755e-03
5.429999999999999931e-03
4.995999999999999573e-03
4.882000000000000055e-03
4.349999999999999700e-03
4.741999999999999688e-03
4.518000000000000314e-03
4.810000000000000039e-03
5.913999999999999986e-03
4.778000000000000129e-03
4.616000000000000311e-03
5.459999999999999576e-03
5.029999999999999749e-03
4.893999999999999913e-03
4.706000000000000114e-03
4.617999999999999709e-03
5.256000000000000255e-03
4.610000000000000382e-03
5.104000000000000030e-03
4.219999999999999793e-03
5.139999999999999604e-03
4.346000000000000037e-03
5.161999999999999922e-03
3.917999999999999608e-03
5.427999999999999665e-03
4.708000000000000379e-03
5.150000000000000064e-03
4.622000000000000240e-03
4.631999999999999833e-03
4.789999999999999987e-03
4.781999999999999792e-03
3.922000000000000139e-03
4.778000000000000129e-03
4.484000000000000138e-03
4.873999999999999860e-03
4.481999999999999873e-03
4.795999999999999916e-03
4.723999999999999901e-03
5.029999999999999749e-03
5.441999999999999789e-03
4.838000000000000286e-03
4.806000000000000376e-03
4.703999999999999848e-03
5.412000000000000144e-03
4.815999999999999968e-03
4.754000000000000413e-03
4.285999999999999879e-03
5.400000000000000286e-03
4.490000000000000067e-03
5.000000000000000104e-03
6.023999999999999841e-03
4.277999999999999685e-03
4.882000000000000055e-03
4.444000000000000034e-03
5.035999999999999678e-03
4.588000000000000064e-03
5.675999999999999622e-03
4.896000000000000178e-03
4.444000000000000034e-03
4.585999999999999799e-03
4.651999999999999885e-03
4.936000000000000283e-03
4.991999999999999910e-03
5.003999999999999768e-03
4.887999999999999984e-03
5.011999999999999962e-03
5.316000000000000413e-03
4.199999999999999740e-03
5.265999999999999848e-03
4.758000000000000076e-03
5.066000000000000190e-03
4.660000000000000080e-03
5.089999999999999906e-03
4.740000000000000289e-03
4.475999999999999944e-03
4.878000000000000391e-03
5.536000000000000122e-03
4.754000000000000413e-03
4.870000000000000197e-03
4.749999999999999882e-03
4.807999999999999774e-03
5.009999999999999697e-03
4.192000000000000413e-03
4.682000000000000398e-03
4.764000000000000005e-03
4.202000000000000006e-03
4.677999999999999867e-03
5.573999999999999962e-03
4.412000000000000123e-03
4.556000000000000154e-03
4.772000000000000200e-03
5.173999999999999780e-03
5.538000000000000388e-03
5.165999999999999585e-03
4.948000000000000141e-03
4.858000000000000339e-03
4.919999999999999894e-03
5.048000000000000403e-03
5.026000000000000086e-03
4.579999999999999870e-03
4.648000000000000222e-03
4.470000000000000015e-03
4.871999999999999595e-03
4.827999999999999826e-03
5.067999999999999589e-03
4.778000000000000129e-03
4.507999999999999854e-03
5.939999999999999968e-03
4.954000000000000070e-03
5.230000000000000274e-03
4.942000000000000212e-03
5.100000000000000366e-03
4.871999999999999595e-03
5.146000000000000400e-03
4.550000000000000225e-03
4.968000000000000194e-03
5.459999999999999576e-03
4.521999999999999978e-03
5.668000000000000295e-03
4.844000000000000215e-03
5.360000000000000181e-03
4.695999999999999654e-03
4.767999999999999669e-03
4.677999999999999867e-03
4.922000000000000160e-03
4.859999999999999737e-03
4.409999999999999858e-03
5.366000000000000110e-03
4.838000000000000286e-03
4.421999999999999716e-03
5.233999999999999937e-03
4.688000000000000327e-03
3.919999999999999873e-03
4.919999999999999894e-03
4.738000000000000024e-03
4.937999999999999681e-03
4.205999999999999669e-03
4.747999999999999617e-03
4.219999999999999793e-03
4.625999999999999904e-03
5.020000000000000157e-03
4.166000000000000432e-03
4.386000000000000142e-03
4.616000000000000311e-03
4.355999999999999629e-03
4.807999999999999774e-03
5.879999999999999810e-03
5.046000000000000138e-03
4.864000000000000268e-03
4.904000000000000373e-03
5.087999999999999641e-03
5.348000000000000323e-03
4.458000000000000157e-03
5.075999999999999783e-03
5.135999999999999940e-03
4.773999999999999598e-03
4.513999999999999783e-03
5.499999999999999681e-03
5.210000000000000221e-03
4.611999999999999780e-03
4.922000000000000160e-03
4.602000000000000188e-03
4.994000000000000175e-03
4.922000000000000160e-03
5.888000000000000005e-03
4.746000000000000218e-03
5.366000000000000110e-03
5.106000000000000295e-03
4.761999999999999740e-03
5.133999999999999675e-03
4.611999999999999780e-03
4.423999999999999981e-03
4.758000000000000076e-03
4.599999999999999922e-03
4.507999999999999854e-03
5.335999999999999598e-03
4.980000000000000052e-03
4.780000000000000394e-03
5.496000000000000017e-03
4.213999999999999864e-03
5.210000000000000221e-03
4.438000000000000105e-03
4.934000000000000018e-03
4.608000000000000117e-03
4.239999999999999845e-03
4.629999999999999567e-03
4.671999999999999938e-03
4.674000000000000203e-03
4.277999999999999685e-03
4.738000000000000024e-03
4.691999999999999990e-03
4.000000000000000083e-03
5.046000000000000138e-03
4.701999999999999583e-03
5.130000000000000011e-03
4.997999999999999839e-03
5.002000000000000370e-03
4.381999999999999611e-03
4.460000000000000422e-03
4.407999999999999592e-03
4.311999999999999861e-03
4.415999999999999787e-03
4.167999999999999830e-03
4.980000000000000052e-03
4.519999999999999712e-03
5.510000000000000141e-03
4.499999999999999660e-03
5.213999999999999885e-03
5.009999999999999697e-03
4.414000000000000389e-03
4.107999999999999673e-03
4.539999999999999765e-03
4.862000000000000002e-03
5.086000000000000243e-03
4.198000000000000342e-03
5.193999999999999832e-03
5.127999999999999746e-03
4.473999999999999679e-03
4.636000000000000364e-03
4.421999999999999716e-03
5.361999999999999579e-03
5.769999999999999955e-03
4.524000000000000243e-03
4.775999999999999863e-03
5.048000000000000403e-03
5.155999999999999993e-03
5.213999999999999885e-03
4.588000000000000064e-03
5.081999999999999712e-03
4.821999999999999897e-03
4.645999999999999956e-03
5.531999999999999591e-03
4.934000000000000018e-03
5.279999999999999971e-03
4.493999999999999731e-03
4.878000000000000391e-03
4.891999999999999647e-03
4.381999999999999611e-03
5.274000000000000042e-03
4.830000000000000092e-03
4.764000000000000005e-03
5.172000000000000382e-03
5.150000000000000064e-03
5.069999999999999854e-03
4.948000000000000141e-03
4.787999999999999722e-03
4.231999999999999651e-03
5.470000000000000036e-03
4.429999999999999910e-03
4.268000000000000092e-03
4.559999999999999817e-03
4.527999999999999907e-03
3.726000000000000145e-03
4.735999999999999759e-03
5.395999999999999755e-03
4.504000000000000191e-03
5.017999999999999891e-03
5.980000000000000072e-03
4.305999999999999932e-03
5.023999999999999820e-03
4.202000000000000006e-03
4.460000000000000422e-03
4.305999999999999932e-03
4.539999999999999765e-03
4.363999999999999824e-03
5.152000000000000329e-03
5.244000000000000397e-03
5.824000000000000184e-03
5.159999999999999656e-03
4.455999999999999892e-03
5.585999999999999820e-03
4.401999999999999663e-03
5.594000000000000014e-03
5.819999999999999653e-03
4.813999999999999703e-03
4.591999999999999728e-03
4.057999999999999975e-03
4.752000000000000147e-03
4.965999999999999928e-03
4.493999999999999731e-03
3.977999999999999765e-03
5.153999999999999727e-03
5.640000000000000048e-03
4.778000000000000129e-03
5.446000000000000320e-03
4.407999999999999592e-03
4.965999999999999928e-03
4.498000000000000262e-03
4.749999999999999882e-03
4.596000000000000259e-03
4.441999999999999768e-03
4.778000000000000129e-03
4.954000000000000070e-03
4.349999999999999700e-03
4.951999999999999805e-03
4.400000000000000265e-03
5.790000000000000008e-03
4.689999999999999725e-03
5.274000000000000042e-03
4.795999999999999916e-03
5.228000000000000008e-03
4.441999999999999768e-03
4.291999999999999808e-03
4.865999999999999666e-03
3.808000000000000187e-03
5.701999999999999603e-03
5.211999999999999619e-03
5.499999999999999681e-03
4.596000000000000259e-03
5.285999999999999900e-03
5.054000000000000332e-03
5.427999999999999665e-03
5.475999999999999965e-03
4.573999999999999941e-03
4.634000000000000098e-03
4.495999999999999996e-03
5.083999999999999977e-03
4.824000000000000163e-03
5.354000000000000252e-03
5.178000000000000311e-03
4.126000000000000327e-03
4.781999999999999792e-03
5.885999999999999739e-03
5.406000000000000215e-03
4.708000000000000379e-03
4.377999999999999947e-03
4.902000000000000107e-03
4.865999999999999666e-03
4.190000000000000148e-03
5.274000000000000042e-03
4.721999999999999635e-03
5.351999999999999987e-03
5.011999999999999962e-03
4.645999999999999956e-03
5.296000000000000360e-03
5.337999999999999863e-03
4.905999999999999771e-03
4.363999999999999824e-03
5.191999999999999567e-03
5.245999999999999795e-03
3.827999999999999806e-03
4.668000000000000274e-03
4.743999999999999953e-03
4.836000000000000021e-03
4.784000000000000058e-03
4.939999999999999947e-03
5.412000000000000144e-03
5.118000000000000153e-03
5.144000000000000135e-03
4.660000000000000080e-03
4.686000000000000061e-03
4.761999999999999740e-03
4.146000000000000379e-03
4.845999999999999613e-03
4.205999999999999669e-03
4.141999999999999849e-03
5.003999999999999768e-03
4.878000000000000391e-03
5.060000000000000261e-03
4.484000000000000138e-03
4.512000000000000385e-03
5.089999999999999906e-03
5.277999999999999706e-03
4.936000000000000283e-03
4.813999999999999703e-03
4.832000000000000357e-03
4.760000000000000342e-03
4.983999999999999715e-03
4.415999999999999787e-03
4.980000000000000052e-03
4.917999999999999629e-03
4.806000000000000376e-03
4.827999999999999826e-03
5.067999999999999589e-03
4.098000000000000080e-03
5.219999999999999814e-03
5.118000000000000153e-03
4.547999999999999959e-03
5.008000000000000299e-03
5.061999999999999660e-03
4.991999999999999910e-03
