0.00347140039447732
0.00452333990795529
0.0042603550295858
0.00525969756738988
0.00457593688362919
0.00489151873767258
0.00373438527284681
0.00457593688362919
0.00457593688362919
0.00352399737015122
0.00494411571334648
0.004155161078238
0.0040499671268902
0.00462853385930309
0.00389217619986851
0.00457593688362919
0.00462853385930309
0.00399737015121631
0.00441814595660749
0.00389217619986851
0.00447074293228139
0.0042603550295858
0.0042603550295858
0.00441814595660749
0.00362919132149901
0.00531229454306377
0.00447074293228139
0.00399737015121631
0.00447074293228139
0.00336620644312952
0.0042603550295858
0.0043129520052597
0.00473372781065089
0.00378698224852071
0.00378698224852071
0.00399737015121631
0.00447074293228139
0.00447074293228139
0.00373438527284681
0.00373438527284681
0.00483892176199869
0.0041025641025641
0.00478632478632479
0.00389217619986851
0.00305062458908613
0.0042603550295858
0.00483892176199869
0.0043655489809336
0.0042603550295858
0.00462853385930309
0.0041025641025641
0.00373438527284681
0.0042077580539119
0.0042077580539119
0.00383957922419461
0.004155161078238
0.00494411571334648
0.00520710059171598
0.00489151873767258
0.00457593688362919
0.0040499671268902
0.00336620644312952
0.0043655489809336
0.0040499671268902
0.00362919132149901
0.00478632478632479
0.00394477317554241
0.00357659434582511
0.00489151873767258
0.00441814595660749
0.0043655489809336
0.0042077580539119
0.00383957922419461
0.00452333990795529
0.00394477317554241
0.00326101249178172
0.00278763971071663
0.00494411571334648
0.00368178829717291
0.00357659434582511
0.0043655489809336
0.0042603550295858
0.00473372781065089
0.0043655489809336
0.00352399737015122
0.00331360946745562
0.00452333990795529
0.00441814595660749
0.00352399737015122
0.00368178829717291
0.0041025641025641
0.0042077580539119
0.00326101249178172
0.00478632478632479
0.00389217619986851
0.00320841551610782
0.00447074293228139
0.0043129520052597
0.00489151873767258
0.0041025641025641
0.00547008547008547
0.00457593688362919
0.004155161078238
0.00447074293228139
0.00341880341880342
0.00373438527284681
0.00362919132149901
0.00468113083497699
0.00378698224852071
0.00378698224852071
0.00368178829717291
0.0043129520052597
0.0043129520052597
0.00352399737015122
0.00347140039447732
0.00515450361604208
0.00483892176199869
0.004155161078238
0.00399737015121631
0.00399737015121631
0.00394477317554241
0.00383957922419461
0.00368178829717291
0.00399737015121631
0.00389217619986851
0.0043129520052597
0.00447074293228139
0.0043129520052597
0.0043655489809336
0.0043655489809336
0.00447074293228139
0.00336620644312952
0.0041025641025641
0.00331360946745562
0.0043655489809336
0.00457593688362919
0.0043129520052597
0.00394477317554241
0.0041025641025641
0.0042077580539119
0.00383957922419461
0.00389217619986851
0.00331360946745562
0.0043655489809336
0.00557527942143327
0.0042077580539119
0.00489151873767258
0.00378698224852071
0.00378698224852071
0.00352399737015122
0.00483892176199869
0.0042603550295858
0.00389217619986851
0.00515450361604208
0.00531229454306377
0.00383957922419461
0.00383957922419461
0.00362919132149901
0.0043655489809336
0.00462853385930309
0.0043129520052597
0.004155161078238
0.0041025641025641
0.00262984878369494
0.0042077580539119
0.00383957922419461
0.00447074293228139
0.00378698224852071
0.00457593688362919
0.00462853385930309
0.00389217619986851
0.00504930966469428
0.00378698224852071
0.00394477317554241
0.00494411571334648
0.00347140039447732
0.004155161078238
0.00383957922419461
0.004155161078238
0.00441814595660749
0.004155161078238
0.00357659434582511
0.00489151873767258
0.00368178829717291
0.00373438527284681
0.00452333990795529
0.0040499671268902
0.00489151873767258
0.00478632478632479
0.0042603550295858
0.00489151873767258
0.00447074293228139
0.00331360946745562
0.00378698224852071
0.00347140039447732
0.00389217619986851
0.00483892176199869
0.00394477317554241
0.00510190664036818
0.00373438527284681
0.00378698224852071
0.0042603550295858
0.00373438527284681
0.00341880341880342
0.00557527942143327
0.00441814595660749
0.00394477317554241
0.00473372781065089
0.00399737015121631
0.00378698224852071
0.00441814595660749
0.0043655489809336
0.00494411571334648
0.00494411571334648
0.00341880341880342
0.00352399737015122
0.00478632478632479
0.00394477317554241
0.00441814595660749
0.00383957922419461
0.00362919132149901
0.0042603550295858
0.00362919132149901
0.00347140039447732
0.00347140039447732
0.00441814595660749
0.0040499671268902
0.00504930966469428
0.00462853385930309
0.00462853385930309
0.0042603550295858
0.0041025641025641
0.00441814595660749
0.00394477317554241
0.00447074293228139
0.00499671268902038
0.00447074293228139
0.0043129520052597
0.00447074293228139
0.00457593688362919
0.00357659434582511
0.00494411571334648
0.00489151873767258
0.00394477317554241
0.0042077580539119
0.00552268244575937
0.0042077580539119
0.00389217619986851
0.00447074293228139
0.0042077580539119
0.0042077580539119
0.0043655489809336
0.00494411571334648
0.00368178829717291
0.00473372781065089
0.00357659434582511
0.0043129520052597
0.0042603550295858
0.0042603550295858
0.00320841551610782
0.0042077580539119
0.0043129520052597
0.0042077580539119
0.00394477317554241
0.00357659434582511
0.0042077580539119
0.00483892176199869
0.00447074293228139
0.00394477317554241
0.00368178829717291
0.00468113083497699
0.0043655489809336
0.004155161078238
0.0043129520052597
0.00447074293228139
0.00299802761341223
0.00373438527284681
0.004155161078238
0.00368178829717291
0.00383957922419461
0.00394477317554241
0.00447074293228139
0.00399737015121631
0.00452333990795529
0.00378698224852071
0.00352399737015122
0.00478632478632479
0.00447074293228139
0.00357659434582511
0.00305062458908613
0.00494411571334648
0.00441814595660749
0.00341880341880342
0.00336620644312952
0.00362919132149901
0.0043655489809336
0.00541748849441157
0.0043129520052597
0.0043655489809336
0.00389217619986851
0.00457593688362919
0.00478632478632479
0.00289283366206443
0.00362919132149901
0.00383957922419461
0.0043129520052597
0.0043655489809336
0.00336620644312952
0.00462853385930309
0.00468113083497699
0.004155161078238
0.00452333990795529
0.00383957922419461
0.00362919132149901
0.004155161078238
0.00326101249178172
0.00520710059171598
0.0041025641025641
0.00368178829717291
0.00447074293228139
0.0040499671268902
0.0040499671268902
0.0043129520052597
0.00473372781065089
0.00515450361604208
0.00389217619986851
0.0042077580539119
0.00352399737015122
0.00441814595660749
0.0042603550295858
0.00468113083497699
0.00462853385930309
0.00483892176199869
0.00383957922419461
0.00399737015121631
0.00399737015121631
0.0043129520052597
0.00510190664036818
0.0043129520052597
0.00457593688362919
0.0042077580539119
0.00447074293228139
0.00352399737015122
0.00373438527284681
0.00399737015121631
0.0043655489809336
0.00468113083497699
0.00441814595660749
0.004155161078238
0.00394477317554241
0.00341880341880342
0.00399737015121631
0.0042077580539119
0.00383957922419461
0.00368178829717291
0.0040499671268902
0.00305062458908613
0.0043655489809336
0.0043129520052597
0.0043129520052597
0.00373438527284681
0.00447074293228139
0.00468113083497699
0.0043129520052597
0.004155161078238
0.00489151873767258
0.0042077580539119
0.0043655489809336
0.00478632478632479
0.00347140039447732
0.00347140039447732
0.00462853385930309
0.00441814595660749
0.0042077580539119
0.00357659434582511
0.00547008547008547
0.00399737015121631
0.00357659434582511
0.00457593688362919
0.00457593688362919
0.004155161078238
0.00331360946745562
0.00478632478632479
0.00478632478632479
0.00489151873767258
0.00447074293228139
0.00368178829717291
0.00362919132149901
0.00389217619986851
0.0041025641025641
0.00352399737015122
0.00510190664036818
0.00399737015121631
0.00520710059171598
0.00383957922419461
0.00483892176199869
0.00462853385930309
0.00510190664036818
0.00383957922419461
0.0041025641025641
0.00468113083497699
0.00331360946745562
0.0042077580539119
0.004155161078238
0.00483892176199869
0.00478632478632479
0.00362919132149901
0.00326101249178172
0.00383957922419461
0.00331360946745562
0.0043129520052597
0.00373438527284681
0.00394477317554241
0.00383957922419461
0.00462853385930309
0.0040499671268902
0.0042603550295858
0.00452333990795529
0.00320841551610782
0.00441814595660749
0.00347140039447732
0.00373438527284681
0.00462853385930309
0.00462853385930309
0.00399737015121631
0.0042077580539119
0.00447074293228139
0.00399737015121631
0.00389217619986851
0.00447074293228139
0.00394477317554241
0.00383957922419461
0.0043129520052597
0.00447074293228139
0.0040499671268902
0.00389217619986851
0.0043655489809336
0.0041025641025641
0.0043655489809336
0.00531229454306377
0.00447074293228139
0.00399737015121631
0.00362919132149901
0.00489151873767258
0.00452333990795529
0.00326101249178172
0.00441814595660749
0.00531229454306377
0.0042603550295858
0.00352399737015122
0.00457593688362919
0.0042603550295858
0.0041025641025641
0.00478632478632479
0.00399737015121631
0.00489151873767258
0.00457593688362919
0.0042603550295858
0.0043129520052597
0.00520710059171598
0.00483892176199869
0.00441814595660749
0.00478632478632479
0.00441814595660749
0.00394477317554241
0.00499671268902038
0.0043655489809336
0.0040499671268902
0.00468113083497699
0.00373438527284681
0.00352399737015122
0.0040499671268902
0.0040499671268902
0.00462853385930309
0.00447074293228139
0.00362919132149901
0.0043129520052597
0.00462853385930309
0.00462853385930309
0.00441814595660749
0.00478632478632479
0.0043655489809336
0.00462853385930309
0.00468113083497699
0.00368178829717291
0.00441814595660749
0.00494411571334648
0.00510190664036818
0.00489151873767258
0.00489151873767258
0.00473372781065089
0.00536489151873767
0.00383957922419461
0.00378698224852071
0.00331360946745562
0.00341880341880342
0.00462853385930309
0.00368178829717291
0.0042077580539119
0.00399737015121631
0.0042603550295858
0.00441814595660749
0.00394477317554241
0.00452333990795529
0.00389217619986851
0.0043129520052597
0.00447074293228139
0.00483892176199869
0.00394477317554241
0.0042603550295858
0.0043655489809336
0.0042077580539119
0.00336620644312952
0.0040499671268902
0.0043129520052597
0.0041025641025641
0.00394477317554241
0.0043129520052597
0.0042603550295858
0.004155161078238
0.00441814595660749
0.0043129520052597
0.00489151873767258
0.00383957922419461
0.00341880341880342
0.00326101249178172
0.00452333990795529
0.0042603550295858
0.00399737015121631
0.0042603550295858
0.004155161078238
0.00457593688362919
0.00389217619986851
0.00357659434582511
0.00483892176199869
0.0043655489809336
0.00389217619986851
0.00457593688362919
0.0042077580539119
0.0043129520052597
0.00452333990795529
0.00383957922419461
0.00320841551610782
0.00399737015121631
0.0042077580539119
0.00489151873767258
0.00399737015121631
0.00468113083497699
0.0042603550295858
0.00452333990795529
0.0040499671268902
0.00510190664036818
0.00447074293228139
0.00462853385930309
0.0042077580539119
0.00457593688362919
0.00457593688362919
0.00378698224852071
0.00536489151873767
0.0043655489809336
0.00399737015121631
0.00441814595660749
0.00362919132149901
0.00462853385930309
0.00347140039447732
0.00336620644312952
0.00489151873767258
0.00483892176199869
0.00452333990795529
0.00389217619986851
0.00357659434582511
0.0043655489809336
0.00462853385930309
0.004155161078238
0.00331360946745562
0.00373438527284681
0.00368178829717291
0.00478632478632479
0.0040499671268902
0.00399737015121631
0.0041025641025641
0.0042077580539119
0.0040499671268902
0.0042603550295858
0.0042077580539119
0.00362919132149901
0.00389217619986851
0.00494411571334648
0.00452333990795529
0.00531229454306377
0.00399737015121631
0.00383957922419461
0.00362919132149901
0.00494411571334648
0.00373438527284681
0.00362919132149901
0.00394477317554241
0.00441814595660749
0.00394477317554241
0.00462853385930309
0.00373438527284681
0.00336620644312952
0.00457593688362919
0.0043129520052597
0.00399737015121631
0.00478632478632479
0.00473372781065089
0.00441814595660749
0.00399737015121631
0.00378698224852071
0.00394477317554241
0.00447074293228139
0.00399737015121631
0.0043655489809336
0.004155161078238
0.0042077580539119
0.004155161078238
0.0043129520052597
0.0040499671268902
0.0040499671268902
0.00368178829717291
0.00389217619986851
0.00473372781065089
0.00389217619986851
0.00399737015121631
0.0041025641025641
0.00447074293228139
0.00489151873767258
0.00468113083497699
0.00394477317554241
0.0041025641025641
0.00520710059171598
0.00441814595660749
0.0042077580539119
0.00525969756738988
0.00399737015121631
0.00368178829717291
0.00373438527284681
0.00383957922419461
0.00489151873767258
0.00462853385930309
0.00357659434582511
0.00457593688362919
0.00383957922419461
0.004155161078238
0.00478632478632479
0.00452333990795529
0.00331360946745562
0.00515450361604208
0.0041025641025641
0.00368178829717291
0.0041025641025641
0.00389217619986851
0.00368178829717291
0.0041025641025641
0.0042603550295858
0.0040499671268902
0.00373438527284681
0.00394477317554241
0.0042603550295858
0.00394477317554241
0.00520710059171598
0.00468113083497699
0.00326101249178172
0.00352399737015122
0.00483892176199869
0.0041025641025641
0.004155161078238
0.0042603550295858
0.00452333990795529
0.00441814595660749
0.00468113083497699
0.0042077580539119
0.0040499671268902
0.00447074293228139
0.0042077580539119
0.00362919132149901
0.00441814595660749
0.00347140039447732
0.00447074293228139
0.00452333990795529
0.0043129520052597
0.00494411571334648
0.0040499671268902
0.0041025641025641
0.00457593688362919
0.00347140039447732
0.004155161078238
0.00394477317554241
0.00462853385930309
0.00462853385930309
0.0041025641025641
0.00473372781065089
0.00394477317554241
0.0041025641025641
0.00378698224852071
0.00378698224852071
0.00462853385930309
0.00362919132149901
0.00473372781065089
0.00368178829717291
0.0043655489809336
0.004155161078238
0.00452333990795529
0.00399737015121631
0.0042077580539119
0.00473372781065089
0.00447074293228139
0.0041025641025641
0.00504930966469428
0.00378698224852071
0.00452333990795529
0.0040499671268902
0.00368178829717291
0.0042603550295858
0.00352399737015122
0.0043655489809336
0.0042077580539119
0.00399737015121631
0.0042077580539119
0.00373438527284681
0.004155161078238
0.00394477317554241
0.00389217619986851
0.00394477317554241
0.00399737015121631
0.0040499671268902
0.00478632478632479
0.0040499671268902
0.00457593688362919
0.00515450361604208
0.0042077580539119
0.004155161078238
0.00389217619986851
0.00389217619986851
0.00389217619986851
0.00441814595660749
0.004155161078238
0.00489151873767258
0.00447074293228139
0.00378698224852071
0.00525969756738988
0.00452333990795529
0.0040499671268902
0.00368178829717291
0.004155161078238
0.00536489151873767
0.00399737015121631
0.00468113083497699
0.00383957922419461
0.00357659434582511
0.00389217619986851
0.00341880341880342
0.0042077580539119
0.0041025641025641
0.00357659434582511
0.00389217619986851
0.00399737015121631
0.0043655489809336
0.00441814595660749
0.00368178829717291
0.00504930966469428
0.00536489151873767
0.00499671268902038
0.00504930966469428
0.00441814595660749
0.00394477317554241
0.00457593688362919
0.00383957922419461
0.00547008547008547
0.00441814595660749
0.0043129520052597
0.00457593688362919
0.004155161078238
0.00499671268902038
0.00494411571334648
0.0040499671268902
0.0042603550295858
0.0042077580539119
0.004155161078238
0.0040499671268902
0.0043655489809336
0.00499671268902038
0.00368178829717291
0.0042603550295858
0.00483892176199869
0.00383957922419461
0.00394477317554241
0.0042077580539119
0.0042077580539119
0.00378698224852071
0.00504930966469428
0.0042077580539119
0.00441814595660749
0.0043655489809336
0.00394477317554241
0.00394477317554241
0.00468113083497699
0.00336620644312952
0.00383957922419461
0.00457593688362919
0.0040499671268902
0.00352399737015122
0.0043129520052597
0.00378698224852071
0.00494411571334648
0.00447074293228139
0.00389217619986851
0.00478632478632479
0.00452333990795529
0.00473372781065089
0.00378698224852071
0.0042603550295858
0.0042077580539119
0.00452333990795529
0.00299802761341223
0.004155161078238
0.0041025641025641
0.00389217619986851
0.0043655489809336
0.00394477317554241
0.00373438527284681
0.0041025641025641
0.00452333990795529
0.00494411571334648
0.00368178829717291
0.0042603550295858
0.00373438527284681
0.00383957922419461
0.0040499671268902
0.00489151873767258
0.00383957922419461
0.00389217619986851
0.00510190664036818
0.00473372781065089
0.00441814595660749
0.00441814595660749
0.00441814595660749
0.00452333990795529
0.00320841551610782
0.00489151873767258
0.00462853385930309
0.00383957922419461
0.00457593688362919
0.0040499671268902
0.00441814595660749
0.00357659434582511
0.00541748849441157
0.0041025641025641
0.0042603550295858
0.0043655489809336
0.004155161078238
0.00399737015121631
0.00389217619986851
0.00447074293228139
0.00341880341880342
0.00383957922419461
0.00478632478632479
0.00362919132149901
0.00473372781065089
0.0042603550295858
0.004155161078238
0.00399737015121631
0.00478632478632479
0.00399737015121631
0.0042077580539119
0.00520710059171598
0.00462853385930309
0.00326101249178172
0.0043655489809336
0.00394477317554241
0.0043129520052597
0.0042077580539119
0.00373438527284681
0.00368178829717291
0.00452333990795529
0.00362919132149901
0.0042077580539119
0.00510190664036818
0.00515450361604208
0.00441814595660749
0.004155161078238
0.00389217619986851
0.00389217619986851
0.0043655489809336
0.004155161078238
0.00389217619986851
0.00389217619986851
0.00494411571334648
0.00504930966469428
0.00468113083497699
0.00452333990795529
0.00305062458908613
0.00447074293228139
0.0043655489809336
0.004155161078238
0.00452333990795529
0.00394477317554241
0.00352399737015122
0.0040499671268902
0.00457593688362919
0.0040499671268902
0.00441814595660749
0.00510190664036818
0.00510190664036818
0.00399737015121631
0.0043129520052597
0.0042603550295858
0.00362919132149901
0.00452333990795529
0.0040499671268902
0.00447074293228139
0.00378698224852071
0.0041025641025641
0.00473372781065089
0.0042603550295858
0.004155161078238
0.00452333990795529
0.00347140039447732
0.00347140039447732
0.0042603550295858
0.0042077580539119
0.0041025641025641
0.00394477317554241
0.00468113083497699
0.00504930966469428
0.0043129520052597
0.00473372781065089
0.0042603550295858
0.00383957922419461
0.00504930966469428
0.00352399737015122
0.0043655489809336
0.00452333990795529
0.0043655489809336
0.004155161078238
0.0042603550295858
0.00357659434582511
0.00447074293228139
0.0042077580539119
0.0042603550295858
0.00378698224852071
0.0040499671268902
0.00389217619986851
0.0043129520052597
0.0040499671268902
0.00383957922419461
0.004155161078238
0.0042603550295858
0.0042077580539119
0.00399737015121631
0.00389217619986851
0.0041025641025641
0.00452333990795529
0.0043655489809336
0.0040499671268902
0.00457593688362919
0.00452333990795529
0.0041025641025641
0.0040499671268902
0.00331360946745562
0.00273504273504274
0.00394477317554241
0.004155161078238
0.0042603550295858
0.00378698224852071
0.00362919132149901
0.00383957922419461
0.00399737015121631
0.00399737015121631
0.0042077580539119
0.0043129520052597
0.0040499671268902
0.00399737015121631
0.00373438527284681
0.00331360946745562
0.00441814595660749
0.00383957922419461
0.00399737015121631
0.004155161078238
0.0042077580539119
0.00399737015121631
0.00352399737015122
0.004155161078238
0.00441814595660749
0.004155161078238
0.00399737015121631
0.0042603550295858
0.00441814595660749
0.004155161078238
0.0040499671268902
0.00352399737015122
0.00515450361604208
0.0042603550295858
0.00462853385930309
0.00441814595660749
0.0041025641025641
0.0042603550295858
0.00447074293228139
0.00510190664036818
