"CCT/TRiC_system" "HSP70_system" "HSP90_system" "sHSP_system"
222 410 311 53
240 408 265 58
217 392 305 47
240 374 278 68
235 400 286 65
223 435 288 70
253 400 298 65
233 419 281 69
236 409 298 55
224 380 289 52
231 381 313 64
234 429 283 66
228 369 275 63
243 390 271 45
199 409 282 86
230 399 243 42
238 421 266 66
235 411 280 83
222 436 296 56
221 440 299 57
223 421 288 55
215 427 311 61
238 401 309 67
217 430 272 68
240 410 294 75
206 426 306 72
226 402 300 73
241 401 279 54
234 396 271 63
223 420 295 62
209 433 305 74
264 392 281 61
234 374 289 67
232 401 281 64
234 380 311 64
200 408 310 51
223 417 280 58
215 410 295 43
205 381 282 46
222 410 277 56
242 437 304 42
200 397 267 67
229 429 295 57
205 387 272 53
218 392 271 50
212 402 284 53
215 472 316 46
243 375 285 42
207 415 288 63
231 434 273 65
251 400 259 66
217 398 271 66
211 397 321 62
240 383 318 68
210 386 312 64
225 415 294 40
227 444 299 60
213 391 307 68
241 398 274 48
265 413 286 72
222 406 310 46
215 427 277 61
228 405 312 53
206 427 287 61
234 386 280 56
224 448 320 64
215 391 262 71
234 395 307 45
238 381 277 51
214 400 285 54
229 374 290 50
221 411 274 56
255 413 297 67
245 425 331 61
224 368 274 55
218 361 302 46
238 384 272 59
247 400 315 51
243 385 292 45
230 398 293 43
216 377 285 64
210 406 296 64
220 379 274 75
239 416 290 53
239 420 256 50
224 413 312 77
226 358 320 53
233 404 292 70
242 421 292 75
226 449 285 66
257 396 296 54
229 391 271 47
218 354 285 54
214 389 277 53
243 405 292 66
203 396 279 71
229 446 290 72
272 417 308 74
218 416 277 34
236 400 285 58
229 424 305 49
223 395 317 64
247 391 299 61
220 408 267 40
213 423 323 67
229 426 292 46
225 408 287 51
229 398 309 63
235 431 282 50
247 400 300 50
218 435 290 79
234 435 296 53
241 433 257 68
235 431 297 66
235 389 280 51
236 386 312 57
205 374 305 55
241 390 319 69
205 386 272 71
231 426 311 62
242 362 283 58
217 424 282 62
248 409 270 58
217 427 293 41
234 456 299 55
237 405 276 51
246 394 254 59
231 398 292 64
242 383 309 75
233 421 296 64
215 398 308 55
250 422 301 74
237 419 316 49
209 397 311 53
243 415 289 59
241 389 276 67
228 396 275 47
238 424 282 72
224 431 294 49
200 401 293 81
204 403 290 59
247 393 293 58
249 418 310 58
170 461 291 48
235 400 313 58
239 394 294 54
225 418 311 39
231 391 297 43
271 367 280 63
239 399 305 59
232 394 303 66
232 409 290 72
220 367 279 73
246 447 293 61
216 409 313 56
225 415 267 70
248 413 247 46
224 435 319 54
222 415 281 64
244 425 277 68
212 438 305 64
236 405 281 45
253 421 281 50
212 392 295 58
221 414 298 52
208 397 310 55
229 398 289 61
216 398 288 41
226 410 293 55
236 416 293 64
216 399 263 69
224 427 292 65
216 405 279 62
227 369 238 48
249 379 299 55
226 402 288 47
201 424 271 48
242 401 283 52
228 410 295 70
236 434 304 51
263 407 278 45
235 384 294 51
220 404 303 52
233 415 269 63
220 427 277 66
212 394 264 59
265 380 285 56
237 378 260 41
238 408 321 62
225 392 331 70
238 416 332 62
233 399 272 48
227 442 308 61
224 389 276 67
200 422 268 36
192 431 293 53
245 400 292 59
252 378 276 43
244 412 254 58
202 416 304 64
222 385 252 65
226 394 291 65
261 416 290 69
234 371 271 47
228 412 293 59
249 381 279 50
248 385 293 70
225 385 325 56
234 445 289 64
194 402 297 73
198 441 278 44
214 418 288 74
236 386 299 51
234 391 273 63
250 375 292 71
247 423 301 66
235 408 263 59
219 406 331 60
226 401 286 53
227 398 279 69
225 360 287 64
243 419 286 60
242 373 294 64
247 355 284 61
236 400 270 55
229 405 310 60
205 379 271 65
207 452 290 46
198 461 315 62
214 399 314 69
243 396 301 53
213 400 296 42
221 406 295 73
233 409 276 77
230 370 269 44
214 404 281 59
236 417 302 51
226 423 261 36
223 406 313 57
278 391 278 63
223 412 271 41
256 392 274 65
229 418 271 46
196 376 284 62
248 400 299 48
231 423 287 60
224 417 277 51
250 378 319 65
221 392 294 48
251 401 265 65
236 379 298 48
228 427 280 68
233 406 289 43
211 388 298 64
241 413 289 76
224 411 288 39
260 378 294 58
246 389 309 60
239 450 276 39
217 396 294 71
209 404 289 54
226 405 296 54
247 420 309 53
238 401 307 56
222 413 334 33
234 410 311 56
237 417 311 60
199 408 295 58
223 419 269 59
227 418 271 53
248 419 280 47
232 445 292 58
245 426 294 68
201 401 303 60
231 414 244 45
225 391 299 64
238 426 290 53
229 440 272 59
223 414 303 54
223 428 291 44
222 421 265 64
216 355 285 59
214 389 271 82
231 376 269 36
203 411 261 53
221 418 282 60
241 400 302 53
238 389 282 58
242 373 274 71
217 404 285 70
232 436 256 62
211 379 273 45
232 407 281 51
247 416 301 64
224 372 311 57
214 414 287 65
227 394 253 66
229 414 277 52
218 405 298 69
248 395 303 60
199 438 280 61
225 406 301 71
208 440 290 65
218 399 298 64
231 398 300 64
223 400 302 58
251 442 299 41
248 397 243 64
239 468 296 62
214 446 321 60
225 403 286 47
234 404 314 37
232 400 283 65
210 427 266 56
219 410 313 53
238 422 319 59
234 397 300 42
247 413 273 55
233 375 294 45
211 407 272 67
237 398 302 48
247 423 271 57
215 400 298 55
217 434 303 42
236 421 298 44
240 403 270 70
195 400 289 68
221 366 308 57
232 386 255 40
229 392 284 41
238 392 310 36
230 372 269 68
232 383 287 56
206 396 289 48
231 398 288 65
208 391 295 63
268 390 286 54
223 440 322 57
219 383 267 56
229 403 276 73
238 386 285 40
231 402 276 62
243 401 265 65
206 382 312 61
231 373 300 59
263 449 297 58
212 397 280 56
258 413 286 51
238 435 301 43
219 388 330 48
247 409 275 44
215 413 304 52
216 431 290 58
200 405 284 44
230 424 290 61
226 395 285 45
260 403 275 64
222 383 307 63
239 407 269 51
222 409 285 59
237 392 277 64
226 434 267 67
226 409 281 57
243 420 289 59
234 445 320 60
207 441 297 52
216 417 290 54
193 404 309 72
216 416 301 52
248 398 296 59
224 411 281 65
245 417 314 48
229 396 307 51
192 465 284 48
230 378 291 59
261 395 285 73
234 357 287 53
205 443 297 47
234 421 288 47
202 358 298 52
226 351 300 46
230 419 304 51
211 415 280 62
241 388 295 54
241 415 292 77
232 407 315 62
222 417 261 62
231 413 282 53
236 420 271 41
243 396 291 55
243 426 276 46
220 403 309 53
223 417 299 55
242 387 296 57
250 399 296 55
228 402 298 61
230 413 280 56
232 402 279 69
213 398 262 64
224 364 267 70
255 394 327 76
248 393 317 71
241 413 313 69
236 435 278 64
218 394 326 48
220 425 279 71
232 436 257 66
250 407 295 48
222 423 265 68
229 402 300 68
244 406 298 46
251 412 280 52
228 366 266 53
219 399 312 66
249 422 294 63
227 401 304 50
228 419 276 53
247 355 296 67
238 403 293 61
224 407 274 48
251 414 272 73
229 403 315 64
232 397 310 67
242 411 294 50
229 420 293 67
226 385 319 59
250 393 289 67
251 392 286 56
238 400 301 45
228 398 290 84
258 429 290 41
252 406 315 51
234 395 288 68
229 452 263 65
230 392 309 56
253 421 259 56
251 406 307 48
222 415 313 54
236 405 284 81
244 387 316 49
261 372 295 64
208 386 267 45
212 424 292 34
206 384 274 74
244 411 294 54
222 421 281 58
246 403 286 53
210 379 286 46
224 401 282 56
227 417 274 36
249 423 275 58
219 447 288 53
204 414 303 63
215 430 274 64
228 377 302 45
256 428 283 51
236 400 291 54
225 381 278 38
242 434 318 50
227 380 304 58
208 418 298 49
203 407 282 66
228 406 275 55
249 400 320 47
233 425 291 48
235 404 296 72
250 400 284 52
238 372 282 53
231 381 298 65
262 419 282 47
240 410 298 71
218 433 288 66
227 433 269 79
232 396 305 62
223 402 300 49
228 415 300 73
249 414 293 50
213 406 280 70
234 422 261 59
233 384 296 51
244 409 309 66
234 357 285 65
205 388 281 58
229 416 288 35
252 403 312 77
220 391 300 53
241 405 278 43
226 387 276 50
197 419 309 28
229 394 296 61
224 397 277 52
213 423 319 61
240 416 302 48
254 381 274 58
229 409 292 46
214 394 257 47
224 416 279 56
216 408 297 57
210 404 263 69
200 435 293 61
218 366 322 62
226 428 301 61
226 381 267 53
234 421 283 60
233 391 283 54
234 442 307 43
217 384 317 58
206 404 303 61
218 375 283 66
230 409 285 52
246 390 317 52
259 398 304 60
243 412 303 54
212 400 292 70
245 420 280 50
208 434 288 65
244 425 293 76
200 425 282 77
196 412 286 44
210 379 332 51
217 389 318 73
244 414 263 41
227 396 305 64
229 403 313 64
236 392 271 38
241 405 293 72
212 418 274 58
226 417 326 57
222 435 269 42
233 433 285 51
244 400 290 58
230 433 272 66
246 406 304 65
233 384 289 65
230 396 301 42
198 434 326 63
223 408 274 62
240 425 294 54
211 412 245 52
219 406 318 66
227 429 308 66
246 403 274 54
210 422 278 61
255 391 294 55
219 403 264 63
225 444 315 57
223 431 265 83
212 393 306 80
245 371 294 54
208 382 277 39
222 411 273 58
233 397 265 46
208 369 303 54
205 403 301 57
216 449 278 63
203 393 289 57
239 376 309 61
200 429 278 54
238 414 311 57
217 372 287 68
246 446 279 47
215 413 287 39
218 407 287 51
237 387 288 53
228 398 291 72
212 402 284 63
214 389 294 48
249 425 257 61
210 398 284 61
237 437 256 51
207 433 263 55
224 409 315 51
222 425 287 72
229 413 279 73
215 402 300 60
250 432 306 84
227 434 285 57
252 424 284 61
247 436 290 55
251 419 280 51
223 400 267 70
245 379 276 46
215 392 305 73
238 421 281 50
238 399 295 53
234 403 293 64
241 387 311 61
244 401 288 50
236 378 301 47
256 423 293 61
229 434 287 69
203 404 284 54
216 384 310 57
233 454 299 43
250 407 294 45
211 379 297 67
232 400 285 47
196 394 309 66
229 405 307 57
235 412 288 42
241 403 305 67
223 375 298 48
231 408 313 58
226 392 291 68
232 379 272 64
232 428 296 53
238 409 249 56
248 362 296 68
228 405 289 47
226 388 323 50
238 423 283 24
239 369 292 64
227 414 296 62
226 406 293 53
261 389 299 52
215 421 290 69
202 413 307 64
225 389 274 52
229 466 310 56
223 416 278 50
230 380 292 70
249 398 281 47
239 375 294 72
228 385 292 53
231 399 296 63
231 406 279 53
232 425 307 69
235 440 299 55
227 368 276 60
254 397 281 52
223 371 301 53
251 399 273 54
229 373 294 61
223 366 281 48
228 398 270 70
222 422 287 52
251 391 289 56
259 408 330 65
247 368 293 46
218 378 321 56
247 418 294 61
241 394 309 64
231 415 294 54
243 428 288 58
212 404 277 64
218 443 285 62
227 396 284 67
203 397 298 56
220 403 251 62
223 371 297 63
224 399 283 47
242 387 306 61
234 414 285 64
226 404 265 53
197 419 278 57
225 383 321 59
231 429 283 48
233 384 277 41
260 381 309 53
232 409 301 48
233 381 260 58
195 399 307 62
238 390 308 60
248 397 287 50
230 406 269 56
221 389 304 63
223 382 290 72
225 419 285 85
231 387 282 66
226 441 297 54
268 411 305 46
220 384 328 46
247 387 277 68
242 423 310 53
234 410 281 84
215 364 289 73
227 390 308 52
247 416 309 71
228 391 311 67
255 413 288 53
228 379 290 52
218 410 285 47
248 421 253 63
226 449 272 57
228 403 306 56
238 400 287 58
208 382 281 63
205 410 303 65
203 431 298 58
239 390 294 68
233 420 302 45
233 411 282 68
241 444 240 75
219 428 319 53
210 405 264 81
223 417 290 54
213 385 310 38
256 407 292 43
220 428 316 61
227 407 292 64
204 405 285 63
259 409 294 52
210 408 277 65
208 397 284 54
203 386 297 57
227 425 289 46
231 432 294 60
236 371 303 54
242 395 282 52
241 417 308 81
252 406 292 42
216 401 303 64
220 398 310 68
202 420 311 67
243 403 269 62
238 415 282 72
214 415 302 46
231 364 297 70
215 386 265 57
212 419 274 53
233 402 261 41
235 383 287 54
236 380 302 67
233 392 291 47
234 423 286 48
228 377 304 54
211 374 294 63
238 376 295 70
208 397 299 65
248 403 328 53
222 401 288 52
219 400 260 51
217 401 298 58
246 411 285 47
218 420 287 48
206 390 284 65
248 433 273 58
240 380 310 57
242 389 299 63
229 421 278 63
223 373 308 55
236 362 291 48
239 423 309 35
234 382 306 64
236 413 286 51
218 392 294 50
235 390 272 49
254 391 279 68
228 384 250 49
251 376 293 51
229 393 271 39
229 417 248 56
250 427 285 67
227 388 288 68
223 402 274 57
220 437 273 44
228 420 308 50
259 395 308 63
228 418 330 46
208 406 285 66
225 428 298 48
246 387 305 71
225 392 274 52
251 420 267 54
240 406 280 68
224 408 299 61
216 422 317 52
225 384 284 53
212 428 304 50
234 392 310 54
213 418 342 49
228 436 288 56
229 409 287 56
222 397 292 53
226 400 301 69
235 422 275 62
259 385 328 52
228 403 330 54
231 412 318 51
231 396 289 62
217 435 281 77
220 430 297 43
231 359 301 51
226 376 265 51
233 388 295 55
216 420 297 51
238 391 315 68
202 429 282 45
232 406 290 66
214 420 289 53
207 401 302 62
232 393 298 74
212 403 290 52
237 424 273 47
274 397 276 60
234 424 288 63
230 413 308 72
241 395 308 63
220 420 316 67
236 426 305 53
215 363 314 68
237 409 308 55
198 445 281 52
220 425 307 57
217 396 320 58
233 416 282 60
203 393 265 44
221 429 302 52
242 402 315 60
236 415 260 72
225 419 301 64
218 366 296 61
224 434 255 50
250 414 313 40
258 398 274 55
215 392 273 52
219 394 286 65
246 368 284 61
245 420 307 55
249 416 293 59
230 409 300 54
244 377 281 65
238 410 295 53
227 396 306 75
220 420 279 56
224 392 292 53
240 412 300 42
262 421 288 37
231 387 303 60
228 414 288 58
263 412 293 56
231 424 281 59
217 393 279 62
206 381 308 47
251 423 300 56
242 383 263 57
211 384 293 70
218 396 306 65
239 413 293 42
236 411 308 80
232 421 284 74
189 431 273 52
235 385 285 63
208 399 277 52
221 414 275 49
210 403 328 69
230 399 256 58
233 407 326 58
216 430 279 52
234 385 279 59
230 370 281 40
229 409 294 62
220 395 290 54
210 364 275 74
220 411 304 46
220 430 284 68
197 426 262 53
233 407 233 74
179 373 284 66
256 389 285 72
224 384 285 39
238 425 262 47
211 409 317 45
210 433 326 62
233 420 289 75
229 404 312 56
231 432 292 60
211 406 284 68
242 427 310 43
231 395 322 71
229 404 268 50
225 369 284 61
218 427 293 56
230 372 298 74
234 414 282 54
205 394 289 52
233 425 292 73
241 380 286 64
237 443 303 61
216 374 291 48
201 422 282 72
207 399 285 60
232 397 321 70
256 407 311 47
240 405 324 57
199 419 296 54
221 399 275 55
224 397 298 59
247 460 290 53
253 416 274 58
222 409 293 41
240 400 288 65
244 464 267 70
215 455 250 55
219 422 324 47
222 422 271 55
238 398 277 54
237 411 284 75
204 407 295 57
229 378 305 72
249 420 287 49
204 426 279 65
224 404 298 52
228 416 305 57
233 399 304 49
263 404 297 49
232 416 307 54
215 430 311 57
239 371 320 38
253 389 286 48
234 396 317 64
240 416 284 49
216 413 280 66
219 416 317 65
252 397 274 64
228 438 258 54
206 397 302 59
261 398 299 68
230 385 302 52
230 398 260 51
246 421 293 68
223 416 317 50
233 406 271 58
236 415 286 58
215 390 291 76
225 419 275 56
228 390 323 50
203 436 301 54
258 411 287 58
226 377 305 58
240 406 317 64
239 403 288 62
218 404 299 45
218 413 295 58
237 398 273 58
205 407 274 52
207 393 289 79
226 437 303 46
231 415 292 56
230 438 318 52
244 419 292 53
202 421 289 60
241 391 302 54
225 395 293 58
204 436 296 72
217 378 279 60
248 380 294 44
241 426 325 69
207 377 300 76
198 398 306 53
225 410 297 76
248 391 272 44
249 408 256 71
260 378 251 54
216 385 311 53
212 408 287 61
238 395 301 57
238 411 273 68
234 433 302 56
243 404 255 54
235 396 307 63
214 394 281 67
251 412 282 48
213 394 284 58
219 420 266 72
226 396 286 52
229 432 308 69
234 393 299 49
236 426 301 57
270 366 284 48
243 413 296 48
238 349 305 52
218 401 295 52
231 409 300 65
198 406 292 83
218 390 279 59
231 409 308 46
236 399 268 54
216 381 308 60
234 411 294 57
209 380 298 58
211 425 285 57
234 410 283 56
248 404 291 48
225 398 263 51
245 431 299 75
223 416 290 62
230 423 305 48
235 393 285 41
214 355 266 47
231 415 343 66
222 392 300 63
219 402 287 59
222 423 290 48
236 418 268 49
217 409 297 80
234 436 281 51
247 387 283 38
240 434 279 46
219 391 315 42
