0.00353824938307447
0.0033023660908695
0.00384671214980404
0.00399187109885324
0.0040100159674844
0.00370155320075483
0.00373784293801713
0.00424589925968936
0.00379227754391058
0.00368340833212368
0.00355639425170562
0.0040100159674844
0.0041188851792713
0.0040100159674844
0.00384671214980404
0.004082595442009
0.00388300188706634
0.00410074031064015
0.00371969806938598
0.00362897372623022
0.00391929162432864
0.00353824938307447
0.00391929162432864
0.00362897372623022
0.00420960952242706
0.00417331978516476
0.00402816083611555
0.0040463057047467
0.00399187109885324
0.00391929162432864
0.00393743649295979
0.00420960952242706
0.00391929162432864
0.00413703004790245
0.004082595442009
0.00355639425170562
0.00357453912033677
0.00353824938307447
0.00402816083611555
0.00371969806938598
0.00428218899695166
0.00413703004790245
0.00391929162432864
0.00364711859486137
0.00384671214980404
0.00397372623022209
0.004082595442009
0.00446363768326317
0.00440920307736972
0.00397372623022209
0.00381042241254173
0.00371969806938598
0.00386485701843519
0.00386485701843519
0.00426404412832051
0.00390114675569749
0.00395558136159094
0.00442734794600087
0.00424589925968936
0.00397372623022209
0.00370155320075483
0.00377413267527943
0.00413703004790245
0.00359268398896792
0.00386485701843519
0.00417331978516476
0.00413703004790245
0.00382856728117288
0.00381042241254173
0.00391929162432864
0.00371969806938598
0.00384671214980404
0.00406445057337785
0.00386485701843519
0.00424589925968936
0.00397372623022209
0.00433662360284512
0.0041551749165336
0.00399187109885324
0.00420960952242706
0.00437291334010742
0.00373784293801713
0.00373784293801713
0.0041188851792713
0.00370155320075483
0.00440920307736972
0.00341123530265641
0.00386485701843519
0.00428218899695166
0.00357453912033677
0.00377413267527943
0.00377413267527943
0.00375598780664828
0.00348381477718101
0.00395558136159094
0.00375598780664828
0.0040100159674844
0.00448178255189432
0.00382856728117288
0.00402816083611555
0.00430033386558281
0.00377413267527943
0.004082595442009
0.00381042241254173
0.00390114675569749
0.00346566990854986
0.00366526346349252
0.00386485701843519
0.00368340833212368
0.00379227754391058
0.0040463057047467
0.00390114675569749
0.00397372623022209
0.00386485701843519
0.00388300188706634
0.00357453912033677
0.0041188851792713
0.00368340833212368
0.00384671214980404
0.00390114675569749
0.00368340833212368
0.00442734794600087
0.00377413267527943
0.00431847873421396
0.00382856728117288
0.00390114675569749
0.00395558136159094
0.00361082885759907
0.00373784293801713
0.0041188851792713
0.0040463057047467
0.00368340833212368
0.00402816083611555
0.00386485701843519
0.00413703004790245
0.00371969806938598
0.00390114675569749
0.00393743649295979
0.00366526346349252
0.0041188851792713
0.0040100159674844
0.00364711859486137
0.0032297866163449
0.00413703004790245
0.00395558136159094
0.00444549281463202
0.0040100159674844
0.00402816083611555
0.00375598780664828
0.004082595442009
0.0040100159674844
0.00424589925968936
0.00384671214980404
0.00391929162432864
0.00364711859486137
0.00348381477718101
0.00386485701843519
0.00370155320075483
0.00390114675569749
0.00346566990854986
0.00382856728117288
0.00410074031064015
0.00357453912033677
0.00370155320075483
0.00384671214980404
0.00388300188706634
0.0040100159674844
0.00459065176368123
0.00346566990854986
0.00420960952242706
0.0040100159674844
0.00422775439105821
0.00391929162432864
0.00397372623022209
0.0040463057047467
0.00455436202641893
0.00430033386558281
0.00370155320075483
0.00350195964581216
0.00362897372623022
0.00410074031064015
0.00341123530265641
0.0040463057047467
0.00350195964581216
0.00419146465379591
0.00382856728117288
0.00395558136159094
0.00350195964581216
0.00381042241254173
0.00339309043402526
0.00422775439105821
0.00424589925968936
0.00386485701843519
0.00353824938307447
0.00397372623022209
0.0040463057047467
0.00384671214980404
0.00362897372623022
0.00341123530265641
0.00410074031064015
0.00368340833212368
0.00373784293801713
0.00379227754391058
0.00379227754391058
0.00381042241254173
0.00382856728117288
0.00370155320075483
0.00370155320075483
0.00384671214980404
0.00371969806938598
0.00395558136159094
0.00368340833212368
0.00395558136159094
0.00431847873421396
0.00391929162432864
0.00371969806938598
0.00397372623022209
0.00422775439105821
0.00386485701843519
0.00375598780664828
0.00399187109885324
0.00399187109885324
0.00410074031064015
0.00375598780664828
0.00410074031064015
0.00364711859486137
0.00382856728117288
0.0041551749165336
0.00362897372623022
0.00419146465379591
0.0040100159674844
0.00402816083611555
0.00361082885759907
0.00397372623022209
0.00402816083611555
0.00395558136159094
0.00388300188706634
0.00395558136159094
0.00397372623022209
0.0041188851792713
0.00471766584409929
0.00386485701843519
0.004082595442009
0.00364711859486137
0.00391929162432864
0.00375598780664828
0.00402816083611555
0.00417331978516476
0.00384671214980404
0.00428218899695166
0.00402816083611555
0.00391929162432864
0.00384671214980404
0.00388300188706634
0.00382856728117288
0.00393743649295979
0.00366526346349252
0.00420960952242706
0.00362897372623022
0.00402816083611555
0.00377413267527943
0.00390114675569749
0.0040463057047467
0.00391929162432864
0.00370155320075483
0.00382856728117288
0.00399187109885324
0.00366526346349252
0.00386485701843519
0.00362897372623022
0.00355639425170562
0.00359268398896792
0.00439105820873857
0.00386485701843519
0.0040463057047467
0.00393743649295979
0.00390114675569749
0.00390114675569749
0.00362897372623022
0.0041551749165336
0.00419146465379591
0.00361082885759907
0.00397372623022209
0.00384671214980404
0.00388300188706634
0.00382856728117288
0.00410074031064015
0.0031934968790826
0.00352010451444332
0.00384671214980404
0.00350195964581216
0.00395558136159094
0.0040100159674844
0.00379227754391058
0.00422775439105821
0.00362897372623022
0.00393743649295979
0.00393743649295979
0.00373784293801713
0.00393743649295979
0.0041188851792713
0.0040463057047467
0.00393743649295979
0.00406445057337785
0.00362897372623022
0.00393743649295979
0.00395558136159094
0.00339309043402526
0.00393743649295979
0.00366526346349252
0.00339309043402526
0.00422775439105821
0.0041188851792713
0.00362897372623022
0.00386485701843519
0.00341123530265641
0.00444549281463202
0.00413703004790245
0.0040100159674844
0.00379227754391058
0.00364711859486137
0.0040463057047467
0.00362897372623022
0.00397372623022209
0.00402816083611555
0.00368340833212368
0.00379227754391058
0.00426404412832051
0.00399187109885324
0.00371969806938598
0.00373784293801713
0.00397372623022209
0.00435476847147627
0.0040463057047467
0.00377413267527943
0.00393743649295979
0.00386485701843519
0.00440920307736972
0.00348381477718101
0.0041551749165336
0.0040100159674844
0.0040100159674844
0.00357453912033677
0.00375598780664828
0.00413703004790245
0.0041188851792713
0.00381042241254173
0.00395558136159094
0.00379227754391058
0.00368340833212368
0.00399187109885324
0.0040463057047467
0.00428218899695166
0.00364711859486137
0.00384671214980404
0.00332051095950065
0.00439105820873857
0.00386485701843519
0.00395558136159094
0.00371969806938598
0.00402816083611555
0.00362897372623022
0.00361082885759907
0.0041551749165336
0.00368340833212368
0.00393743649295979
0.00413703004790245
0.00402816083611555
0.00386485701843519
0.00433662360284512
0.00357453912033677
0.00397372623022209
0.00426404412832051
0.00422775439105821
0.00430033386558281
0.00379227754391058
0.0041551749165336
0.0040463057047467
0.00402816083611555
0.00362897372623022
0.00442734794600087
0.0041188851792713
0.00386485701843519
0.00428218899695166
0.00395558136159094
0.00364711859486137
0.00435476847147627
0.00386485701843519
0.0041188851792713
0.00437291334010742
0.00397372623022209
0.00355639425170562
0.00359268398896792
0.00390114675569749
0.00406445057337785
0.00391929162432864
0.00393743649295979
0.00373784293801713
0.00382856728117288
0.00399187109885324
0.00384671214980404
0.00366526346349252
0.0040100159674844
0.00384671214980404
0.00366526346349252
0.00395558136159094
0.00402816083611555
0.0041188851792713
0.00402816083611555
0.00393743649295979
0.00439105820873857
0.00359268398896792
0.00437291334010742
0.004082595442009
0.00406445057337785
0.004082595442009
0.00352010451444332
0.00344752503991871
0.00402816083611555
0.00390114675569749
0.00399187109885324
0.00366526346349252
0.0040100159674844
0.00373784293801713
0.00390114675569749
0.00397372623022209
0.00391929162432864
0.00399187109885324
0.0041188851792713
0.00426404412832051
0.00424589925968936
0.00422775439105821
0.00402816083611555
0.0040463057047467
0.00371969806938598
0.00399187109885324
0.00364711859486137
0.0040463057047467
0.00341123530265641
0.00413703004790245
0.00382856728117288
0.00381042241254173
0.00353824938307447
0.00424589925968936
0.00420960952242706
0.00468137610683699
0.00388300188706634
0.00390114675569749
0.00386485701843519
0.00359268398896792
0.00368340833212368
0.00348381477718101
0.00379227754391058
0.00430033386558281
0.00449992742052548
0.00437291334010742
0.00361082885759907
0.00370155320075483
0.00388300188706634
0.00375598780664828
0.00386485701843519
0.00399187109885324
0.00375598780664828
0.0041551749165336
0.00426404412832051
0.00362897372623022
0.004082595442009
0.00388300188706634
0.00377413267527943
0.00371969806938598
0.0032660763536072
0.00391929162432864
0.00435476847147627
0.00373784293801713
0.00382856728117288
0.00370155320075483
0.00379227754391058
0.00397372623022209
0.00391929162432864
0.00373784293801713
0.00422775439105821
0.00377413267527943
0.00417331978516476
0.00388300188706634
0.00373784293801713
0.00399187109885324
0.00459065176368123
0.0041188851792713
0.004082595442009
0.00359268398896792
0.00384671214980404
0.00419146465379591
0.00375598780664828
0.00341123530265641
0.00413703004790245
0.00388300188706634
0.00368340833212368
0.00424589925968936
0.00402816083611555
0.00353824938307447
0.00424589925968936
0.004082595442009
0.00410074031064015
0.00402816083611555
0.00446363768326317
0.0041188851792713
0.00352010451444332
0.00371969806938598
0.00399187109885324
0.00410074031064015
0.00388300188706634
0.00417331978516476
0.00384671214980404
0.00364711859486137
0.00350195964581216
0.00410074031064015
0.00361082885759907
0.00451807228915663
0.00390114675569749
0.00364711859486137
0.00391929162432864
0.00417331978516476
0.00422775439105821
0.00422775439105821
0.00399187109885324
0.00410074031064015
0.00350195964581216
0.00397372623022209
0.00406445057337785
0.004082595442009
0.00337494556539411
0.00362897372623022
0.00419146465379591
0.00332051095950065
0.0040463057047467
0.00430033386558281
0.00419146465379591
0.00368340833212368
0.0041551749165336
0.00359268398896792
0.00382856728117288
0.00395558136159094
0.00382856728117288
0.00386485701843519
0.004082595442009
0.00393743649295979
0.00382856728117288
0.00370155320075483
0.00346566990854986
0.00335680069676296
0.00359268398896792
0.00335680069676296
0.00335680069676296
0.00391929162432864
0.00368340833212368
0.00362897372623022
0.00368340833212368
0.00375598780664828
0.00395558136159094
0.00371969806938598
0.00393743649295979
0.00424589925968936
0.0040100159674844
0.00446363768326317
0.00353824938307447
0.00422775439105821
0.00388300188706634
0.00384671214980404
0.00391929162432864
0.00406445057337785
0.00395558136159094
0.00350195964581216
0.00362897372623022
0.004082595442009
0.00406445057337785
0.00384671214980404
0.00368340833212368
0.00422775439105821
0.0040463057047467
0.00379227754391058
0.00399187109885324
0.0041551749165336
0.00370155320075483
0.00413703004790245
0.00382856728117288
0.00386485701843519
0.00397372623022209
0.00379227754391058
0.00388300188706634
0.00384671214980404
0.00357453912033677
0.0040100159674844
0.00424589925968936
0.00422775439105821
0.00437291334010742
0.00359268398896792
0.00424589925968936
0.00399187109885324
0.004082595442009
0.004082595442009
0.00399187109885324
0.0041188851792713
0.00362897372623022
0.004082595442009
0.00381042241254173
0.00410074031064015
0.00399187109885324
0.00373784293801713
0.00419146465379591
0.00406445057337785
0.00475395558136159
0.00381042241254173
0.00428218899695166
0.00373784293801713
0.00406445057337785
0.0041188851792713
0.0041551749165336
0.00420960952242706
0.00390114675569749
0.00390114675569749
0.00386485701843519
0.00430033386558281
0.00417331978516476
0.00379227754391058
0.00366526346349252
0.00371969806938598
0.0041551749165336
0.00386485701843519
0.00406445057337785
0.00366526346349252
0.00381042241254173
0.00431847873421396
0.00371969806938598
0.00375598780664828
0.00388300188706634
0.00395558136159094
0.00342938017128756
0.00373784293801713
0.00370155320075483
0.00426404412832051
0.00384671214980404
0.00406445057337785
0.00384671214980404
0.00371969806938598
0.00379227754391058
0.00359268398896792
0.0041188851792713
0.00413703004790245
0.00451807228915663
0.00395558136159094
0.00417331978516476
0.00348381477718101
0.00391929162432864
0.00448178255189432
0.00346566990854986
0.0041551749165336
0.00402816083611555
0.00364711859486137
0.00390114675569749
0.00381042241254173
0.00395558136159094
0.00406445057337785
0.00386485701843519
0.00370155320075483
0.0041551749165336
0.00373784293801713
0.00382856728117288
0.00381042241254173
0.00364711859486137
0.00353824938307447
0.00373784293801713
0.00435476847147627
0.00399187109885324
0.00393743649295979
0.00395558136159094
0.0040100159674844
0.00373784293801713
0.00419146465379591
0.00386485701843519
0.0040463057047467
0.00437291334010742
0.00397372623022209
0.00419146465379591
0.00397372623022209
0.00428218899695166
0.00417331978516476
0.0040463057047467
0.00417331978516476
0.00357453912033677
0.00346566990854986
0.00375598780664828
0.00368340833212368
0.00342938017128756
0.0040463057047467
0.00382856728117288
0.00386485701843519
0.00390114675569749
0.00406445057337785
0.00362897372623022
0.00382856728117288
0.00397372623022209
0.00379227754391058
0.00381042241254173
0.00395558136159094
0.00395558136159094
0.00379227754391058
0.00384671214980404
0.00393743649295979
0.004082595442009
0.00370155320075483
0.004082595442009
0.00348381477718101
0.00413703004790245
0.00328422122223835
0.00384671214980404
0.00406445057337785
0.00350195964581216
0.00466323123820584
0.00422775439105821
0.00357453912033677
0.00379227754391058
0.00361082885759907
0.00362897372623022
0.00368340833212368
0.00353824938307447
0.00371969806938598
0.0040100159674844
0.00440920307736972
0.00386485701843519
0.00428218899695166
0.00428218899695166
0.00393743649295979
0.00371969806938598
0.00424589925968936
0.0041551749165336
0.00375598780664828
0.00382856728117288
0.00399187109885324
0.00390114675569749
0.00357453912033677
0.00355639425170562
0.00395558136159094
0.00375598780664828
0.00371969806938598
0.00388300188706634
0.00393743649295979
0.00361082885759907
0.00388300188706634
0.00350195964581216
0.0041551749165336
0.0040463057047467
0.00397372623022209
0.00371969806938598
0.00440920307736972
0.00382856728117288
0.00344752503991871
0.00386485701843519
0.00364711859486137
0.00368340833212368
0.00431847873421396
0.00370155320075483
0.00399187109885324
0.00406445057337785
0.00352010451444332
0.00350195964581216
0.00390114675569749
0.00381042241254173
0.00428218899695166
0.00377413267527943
0.00366526346349252
0.00395558136159094
0.00370155320075483
0.00399187109885324
0.00395558136159094
0.00424589925968936
0.004082595442009
0.00357453912033677
0.00357453912033677
0.00413703004790245
0.00431847873421396
0.00431847873421396
0.00402816083611555
0.00379227754391058
0.00366526346349252
0.00402816083611555
0.00375598780664828
0.00381042241254173
0.0041551749165336
0.00368340833212368
0.00384671214980404
0.00395558136159094
0.00402816083611555
0.00393743649295979
0.00399187109885324
0.00426404412832051
0.00339309043402526
0.00379227754391058
0.00366526346349252
0.00361082885759907
0.00402816083611555
0.00410074031064015
0.00368340833212368
0.004082595442009
0.00422775439105821
0.00420960952242706
0.00397372623022209
0.00373784293801713
0.00386485701843519
0.00379227754391058
0.00435476847147627
0.00373784293801713
0.0041188851792713
0.00391929162432864
0.00381042241254173
0.00366526346349252
0.00379227754391058
0.00395558136159094
0.00377413267527943
0.00391929162432864
0.00426404412832051
0.00395558136159094
0.00431847873421396
0.00402816083611555
0.00397372623022209
0.00388300188706634
0.00370155320075483
0.0041188851792713
0.00371969806938598
0.00382856728117288
0.00370155320075483
0.00393743649295979
0.00371969806938598
0.00422775439105821
0.00440920307736972
0.00377413267527943
0.00384671214980404
0.00366526346349252
0.00368340833212368
0.00357453912033677
0.00373784293801713
0.00370155320075483
0.00402816083611555
0.00433662360284512
0.00362897372623022
0.00342938017128756
0.00417331978516476
0.00371969806938598
0.00406445057337785
0.00413703004790245
0.00413703004790245
0.00341123530265641
0.00406445057337785
0.00431847873421396
0.00368340833212368
0.00431847873421396
0.00384671214980404
0.00386485701843519
0.00426404412832051
0.00406445057337785
0.00362897372623022
0.00386485701843519
0.00424589925968936
0.00419146465379591
0.00364711859486137
0.00417331978516476
0.00377413267527943
0.00440920307736972
0.00420960952242706
0.00324793148497605
0.0041188851792713
0.00406445057337785
0.00373784293801713
0.00373784293801713
0.00381042241254173
0.00386485701843519
0.00419146465379591
0.00368340833212368
0.00390114675569749
0.00370155320075483
0.0041551749165336
0.00348381477718101
0.00420960952242706
0.00430033386558281
0.00410074031064015
0.00373784293801713
0.004082595442009
0.0041551749165336
0.00397372623022209
0.00371969806938598
0.00391929162432864
0.00377413267527943
0.00359268398896792
0.00397372623022209
0.00410074031064015
0.00393743649295979
0.00346566990854986
0.00348381477718101
0.00382856728117288
0.00362897372623022
0.00391929162432864
0.00341123530265641
0.00337494556539411
0.00395558136159094
0.00391929162432864
0.00395558136159094
0.00381042241254173
0.00324793148497605
0.00437291334010742
0.00371969806938598
0.00388300188706634
0.00426404412832051
0.00377413267527943
0.0041188851792713
0.00419146465379591
0.00384671214980404
0.00420960952242706
0.00348381477718101
0.00395558136159094
0.00397372623022209
0.00417331978516476
0.00381042241254173
0.00395558136159094
0.00368340833212368
0.0041188851792713
0.00388300188706634
0.00375598780664828
0.0041188851792713
0.00413703004790245
0.00464508636957468
0.0041188851792713
0.00362897372623022
0.00397372623022209
0.00377413267527943
0.00379227754391058
0.00430033386558281
0.00312091740455799
0.00384671214980404
0.00346566990854986
0.0032297866163449
0.00352010451444332
0.00391929162432864
0.00390114675569749
0.00413703004790245
0.00406445057337785
0.00388300188706634
0.00382856728117288
0.00370155320075483
0.00386485701843519
0.00390114675569749
0.00433662360284512
0.00355639425170562
0.00397372623022209
0.00342938017128756
0.00422775439105821
0.0041551749165336
0.00433662360284512
0.00410074031064015
0.00388300188706634
0.00350195964581216
0.00355639425170562
0.00439105820873857
0.00413703004790245
0.00390114675569749
0.00382856728117288
0.00370155320075483
0.00364711859486137
0.00426404412832051
0.00390114675569749
0.00422775439105821
0.00426404412832051
0.00397372623022209
0.00370155320075483
0.0041551749165336
0.00344752503991871
0.00406445057337785
0.00393743649295979
0.00346566990854986
0.00390114675569749
0.00410074031064015
0.00382856728117288
0.00410074031064015
0.00355639425170562
0.00393743649295979
0.004082595442009
0.00348381477718101
0.00379227754391058
0.00397372623022209
0.00422775439105821
0.00393743649295979
0.00384671214980404
0.00366526346349252
0.00384671214980404
0.00397372623022209
0.00413703004790245
0.00373784293801713
0.00435476847147627
0.00417331978516476
0.00371969806938598
0.00388300188706634
0.00391929162432864
