0.00393945634852449
0.00391183384577138
0.0038898983288792
0.00385252670750735
0.00390777171301357
0.00395326759990105
0.00388583619612139
0.00385740126681672
0.00386552553233234
0.00391264627232294
0.00375016096201053
0.00388258648991515
0.00388421134301827
0.00381596751268706
0.00378347045062457
0.00385740126681672
0.00380378111441362
0.00375178581511365
0.00390777171301357
0.00386390067922922
0.0037720964789027
0.00388746104922452
0.00394758061404011
0.00378590773027926
0.00391752083163231
0.00397926524955103
0.0038963977412917
0.00390695928646201
0.00388258648991515
0.0039264575236995
0.00389396046163702
0.00380703082061987
0.00396951613093229
0.00386390067922922
0.00385902611991985
0.00386877523853859
0.00397439069024166
0.00393864392197293
0.00388502376956983
0.00389071075543077
0.0039800776761026
0.00389721016784326
0.00382652905785736
0.00391020899266826
0.00382490420475424
0.00383384089682142
0.00388827347577608
0.00379646927544957
0.00394270605473074
0.00397032855748385
0.00396220429196823
0.00383709060302767
0.00389558531474014
0.00380053140820738
0.00380134383475894
0.00388827347577608
0.00385415156061047
0.0038492770013011
0.003808655673723
0.003919958111287
0.00393051965645731
0.00385171428095579
0.00388014921026046
0.0037615349337324
0.00387446222439953
0.00383871545613079
0.00394270605473074
0.0039028971537042
0.00387608707750265
0.00390127230060107
0.0038192172188933
0.00390939656611669
0.00375909765407771
0.0039435184812823
0.00388664862267296
0.0038793367837089
0.00399795106023696
0.00394514333438543
0.00389964744749795
0.00380540596751675
0.00385008942785266
0.00388096163681202
0.00393051965645731
0.00392564509714794
0.00387852435715734
0.0039435184812823
0.00390858413956513
0.00388502376956983
0.00386958766509015
0.00386390067922922
0.00382490420475424
0.00369572838305587
0.0039800776761026
0.00379728170200113
0.00378672015683082
0.00389477288818858
0.00391427112542607
0.00394920546714324
0.0038192172188933
0.00373716213718554
0.00379971898165581
0.00372660059201523
0.00386552553233234
0.00383384089682142
0.003919958111287
0.00386552553233234
0.00375259824166521
0.0038021562613105
0.0038492770013011
0.00384196516233704
0.00389964744749795
0.00386471310578078
0.00381677993923862
0.00381109295337768
0.00387689950405421
0.003919958111287
0.00384034030923392
0.00382246692509955
0.00386227582612609
0.00391508355197763
0.00387527465095109
0.00387608707750265
0.00387852435715734
0.00379890655510425
0.0038728373712964
0.00387771193060577
0.0038963977412917
0.00384602729509485
0.00386552553233234
0.00390858413956513
0.00386715038543547
0.0038192172188933
0.0038427775888886
0.00388908590232764
0.00400851260540727
0.00386958766509015
0.00389558531474014
0.00389558531474014
0.00382490420475424
0.00380946810027456
0.00403613510816038
0.00395408002645261
0.003795656848898
0.0038663379588839
0.00388908590232764
0.00394758061404011
0.00385821369336828
0.00387527465095109
0.00384115273578548
0.00377697103821208
0.00378022074441833
0.00394514333438543
0.00397439069024166
0.00389721016784326
0.00376234736028396
0.00389233560853389
0.00392320781749325
0.00385821369336828
0.00382652905785736
0.00383140361716674
0.00386958766509015
0.00392320781749325
0.00387852435715734
0.0038257166313058
0.00381190537992925
0.00382490420475424
0.00386715038543547
0.00393133208300887
0.00378022074441833
0.00393539421576668
0.00385252670750735
0.00388096163681202
0.00392158296439013
0.00387121251819328
0.00387852435715734
0.00384765214819798
0.00387446222439953
0.00377940831786676
0.00387771193060577
0.00371360176719023
0.00386471310578078
0.00389233560853389
0.00391508355197763
0.00392889480335418
0.00384440244199173
0.0038898983288792
0.00386715038543547
0.00386065097302297
0.00378103317096989
0.00395976701231354
0.00389802259439483
0.00389233560853389
0.00396139186541667
0.00391427112542607
0.00393783149542137
0.00376315978683552
0.00378590773027926
0.00385983854647141
0.00390777171301357
0.00387852435715734
0.00405400849229474
0.00387121251819328
0.00384115273578548
0.00382165449854799
0.00372741301856679
0.00393133208300887
0.00385415156061047
0.00388258648991515
0.00383059119061517
0.003919958111287
0.00387121251819328
0.003919958111287
0.003808655673723
0.00383302847026986
0.00385740126681672
0.00389883502094639
0.00378022074441833
0.00386065097302297
0.00384196516233704
0.00399307650092759
0.00388339891646671
0.0038492770013011
0.00390939656611669
0.00393295693611199
0.00376640949304177
0.00391427112542607
0.00384034030923392
0.00383709060302767
0.00388014921026046
0.0039670788512776
0.00381109295337768
0.00394595576093699
0.00391427112542607
0.00380946810027456
0.00384440244199173
0.0037850953037277
0.0039028971537042
0.00383140361716674
0.0039670788512776
0.00387608707750265
0.00391020899266826
0.00393864392197293
0.00375666037442302
0.00396139186541667
0.00395245517334948
0.0039735782636901
0.00386227582612609
0.00391914568473544
0.00391508355197763
0.00387202494474484
0.00387608707750265
0.00398982679472134
0.00384846457474954
0.00386552553233234
0.00384602729509485
0.00377940831786676
0.00384196516233704
0.00385415156061047
0.00392077053783856
0.00383546574992455
0.00399876348678852
0.00391020899266826
0.00384115273578548
0.00387202494474484
0.00398657708851509
0.00388014921026046
0.00387202494474484
0.00385008942785266
0.0038663379588839
0.00390045987404951
0.00385821369336828
0.00391508355197763
0.00391183384577138
0.00388177406336358
0.00387771193060577
0.00397195341058697
0.00392483267059637
0.00395651730610729
0.00386065097302297
0.00386715038543547
0.00390695928646201
0.00383384089682142
0.00385171428095579
0.00382165449854799
0.00389396046163702
0.003919958111287
0.00388096163681202
0.00388908590232764
0.0038728373712964
0.00391508355197763
0.00383790302957923
0.00386227582612609
0.00392320781749325
0.00393620664231824
0.00387040009164172
0.00382409177820268
0.00384765214819798
0.00394108120162762
0.00388177406336358
0.00382327935165111
0.00383871545613079
0.00393945634852449
0.00392077053783856
0.00390777171301357
0.00384602729509485
0.00378265802407301
0.00386227582612609
0.00385415156061047
0.00382896633751205
0.00382734148440893
0.00391508355197763
0.00385983854647141
0.00396220429196823
0.00380134383475894
0.00385252670750735
0.00391670840508075
0.00384521486854329
0.00394108120162762
0.00388664862267296
0.00383952788268236
0.0039264575236995
0.00393214450956043
0.00387446222439953
0.0038021562613105
0.00391508355197763
0.00380621839406831
0.00384602729509485
0.00389233560853389
0.00390370958025576
0.00384196516233704
0.00385658884026516
0.00393051965645731
0.00380296868786206
0.00394108120162762
0.00384440244199173
0.0038257166313058
0.00391102141921982
0.0039971386336854
0.00380134383475894
0.00396464157162292
0.00387608707750265
0.00388664862267296
0.0037615349337324
0.00383546574992455
0.00386390067922922
0.00380459354096519
0.00395732973265886
0.00389314803508545
0.00379971898165581
0.00384115273578548
0.00391264627232294
0.00386390067922922
0.0039028971537042
0.00387446222439953
0.00387040009164172
0.00387852435715734
0.00386308825267766
0.00389477288818858
0.00385252670750735
0.00389721016784326
0.00388502376956983
0.00390452200680732
0.00387364979784796
0.00397276583713854
0.00388258648991515
0.00383952788268236
0.00382409177820268
0.00393295693611199
0.00390127230060107
0.00377697103821208
0.00379971898165581
0.00387689950405421
0.00393376936266356
0.00391264627232294
0.00385415156061047
0.00382084207199643
0.0038492770013011
0.0038963977412917
0.0039435184812823
0.00388096163681202
0.00383871545613079
0.00381271780648081
0.00386715038543547
0.00386471310578078
0.00390533443335888
0.00386146339957453
0.00393376936266356
0.00387771193060577
0.0038427775888886
0.00392077053783856
0.00384683972164641
0.00395570487955573
0.00381840479234174
0.003919958111287
0.00393376936266356
0.00391670840508075
0.00381515508613549
0.00381677993923862
0.003919958111287
0.00391752083163231
0.00382165449854799
0.00393214450956043
0.0038257166313058
0.00391345869887451
0.00383546574992455
0.00388746104922452
0.00392402024404481
0.0038557764137136
0.00384602729509485
0.00386796281198703
0.00389883502094639
0.00396464157162292
0.003919958111287
0.00389721016784326
0.00379403199579488
0.00387040009164172
0.00391345869887451
0.00390208472715264
0.0039735782636901
0.00395408002645261
0.00382815391096049
0.00407675643573848
0.00391264627232294
0.00388339891646671
0.00379809412855269
0.00386390067922922
0.00398820194161822
0.00382084207199643
0.00372010117960273
0.00383627817647611
0.00387040009164172
0.00380459354096519
0.00391183384577138
0.00394189362817918
0.00382002964544487
0.00393051965645731
0.00391670840508075
0.0038322160437183
0.00384196516233704
0.0038728373712964
0.00381759236579018
0.00385252670750735
0.00382896633751205
0.00392077053783856
0.00394758061404011
0.0038963977412917
0.0038492770013011
0.00388339891646671
0.00385821369336828
0.00391752083163231
0.00380134383475894
0.00390127230060107
0.00386958766509015
0.0038963977412917
0.00389883502094639
0.00383952788268236
0.00398495223541197
0.00394026877507605
0.00385496398716204
0.00385333913405891
0.00386227582612609
0.00389396046163702
0.00384521486854329
0.0039500178936948
0.0038257166313058
0.00390370958025576
0.00394026877507605
0.00387527465095109
0.00383709060302767
0.00382327935165111
0.00379728170200113
0.00390370958025576
0.00388908590232764
0.00385821369336828
0.00389721016784326
0.00388014921026046
0.00396057943886511
0.00390045987404951
0.00384683972164641
0.00382734148440893
0.00384521486854329
0.00383384089682142
0.00376965919924802
0.00380296868786206
0.00389477288818858
0.00379321956924332
0.00395408002645261
0.00398332738230884
0.00381759236579018
0.00385008942785266
0.00382002964544487
0.00390370958025576
0.00388096163681202
0.0037550355213199
0.00385252670750735
0.00375828522752615
0.0039264575236995
0.00382977876406361
0.00398982679472134
0.00389233560853389
0.00381596751268706
0.00382246692509955
0.00386390067922922
0.00397601554334478
0.00386146339957453
0.00390614685991045
0.00385658884026516
0.00389477288818858
0.00396382914507135
0.00384034030923392
0.0038728373712964
0.00383952788268236
0.00391589597852919
0.00393133208300887
0.00372660059201523
0.00387121251819328
0.00390370958025576
0.00389883502094639
0.00377128405235114
0.00388664862267296
0.00383871545613079
0.0039500178936948
0.00388421134301827
0.00386877523853859
0.00388583619612139
0.0038192172188933
0.00385658884026516
0.00380784324717144
0.00386958766509015
0.00386146339957453
0.00386308825267766
0.00380459354096519
0.00384115273578548
0.00376640949304177
0.00390452200680732
0.00379078228958863
0.00387608707750265
0.00390045987404951
0.00395083032024636
0.00385821369336828
0.0039028971537042
0.00385740126681672
0.00394676818748855
0.00393945634852449
0.00394026877507605
0.00387608707750265
0.00389152318198233
0.00390533443335888
0.00385415156061047
0.00373228757787616
0.00391670840508075
0.003808655673723
0.00388339891646671
0.00392320781749325
0.00375747280097459
0.00385496398716204
0.00376397221338708
0.00388014921026046
0.00385008942785266
0.00393783149542137
0.00383627817647611
0.00389721016784326
0.00379240714269176
0.00382002964544487
0.00393620664231824
0.00384440244199173
0.0038257166313058
0.00385821369336828
0.00387202494474484
0.00383871545613079
0.00383302847026986
0.0038728373712964
0.00390370958025576
0.00395651730610729
0.00386227582612609
0.00398820194161822
0.00376884677269646
0.00382327935165111
0.00392483267059637
0.00382490420475424
0.00388177406336358
0.00384034030923392
0.00389152318198233
0.0038192172188933
0.0038492770013011
0.00387446222439953
0.00388421134301827
0.00388583619612139
0.00384521486854329
0.00386552553233234
0.00384765214819798
0.00389883502094639
0.00386227582612609
0.00387771193060577
0.00398170252920572
0.00387689950405421
0.00383871545613079
0.00392889480335418
0.00382734148440893
0.00386877523853859
0.00382815391096049
0.00382815391096049
0.00382246692509955
0.0037615349337324
0.00382815391096049
0.00398576466196353
0.00383140361716674
0.0039800776761026
0.0038728373712964
0.00385983854647141
0.00390045987404951
0.00396139186541667
0.00388908590232764
0.00377047162579958
0.00386390067922922
0.00380134383475894
0.00379403199579488
0.00383871545613079
0.00380946810027456
0.00391508355197763
0.00393214450956043
0.00386796281198703
0.00374528640270116
0.00384115273578548
0.0038898983288792
0.00382084207199643
0.00386308825267766
0.00389152318198233
0.00385821369336828
0.00389233560853389
0.00387202494474484
0.00382409177820268
0.00380296868786206
0.00389314803508545
0.00390939656611669
0.00392077053783856
0.00401257473816508
0.00389071075543077
0.00386065097302297
0.00391102141921982
0.003808655673723
0.0038728373712964
0.00389152318198233
0.00388096163681202
0.00392402024404481
0.00384765214819798
0.0039500178936948
0.00387608707750265
0.00394270605473074
0.00374284912304647
0.00385983854647141
0.00391264627232294
0.00387689950405421
0.00378672015683082
0.00381190537992925
0.00387527465095109
0.00379646927544957
0.00389071075543077
0.00380459354096519
0.00386877523853859
0.00373634971063397
0.00393376936266356
0.00383871545613079
0.00392564509714794
0.00386796281198703
0.00385902611991985
0.00390533443335888
0.00388746104922452
0.00391914568473544
0.00385008942785266
0.00385008942785266
0.00388096163681202
0.00381271780648081
0.00384521486854329
0.00375747280097459
0.00390370958025576
0.00380134383475894
0.00384846457474954
0.00383952788268236
0.00386958766509015
0.00385333913405891
0.00384196516233704
0.00390127230060107
0.00379809412855269
0.00394839304059167
0.00382084207199643
0.00391020899266826
0.00389152318198233
0.00385902611991985
0.00388014921026046
0.00397926524955103
0.0038898983288792
0.0038427775888886
0.00394758061404011
0.00385415156061047
0.00381271780648081
0.00391264627232294
0.00390533443335888
0.00372253845925742
0.00391914568473544
0.00391102141921982
0.0038492770013011
0.00376072250718084
0.00390045987404951
0.00386065097302297
0.00374122426994335
0.00395164274679792
0.00382815391096049
0.00392726995025106
0.00384115273578548
0.00377697103821208
0.00377940831786676
0.00382490420475424
0.00380459354096519
0.0038192172188933
0.00373634971063397
0.00389721016784326
0.00388827347577608
0.00397601554334478
0.00383952788268236
0.0039435184812823
0.00387446222439953
0.00389233560853389
0.00389314803508545
0.00383059119061517
0.00385902611991985
0.00380946810027456
0.0038728373712964
0.00375747280097459
0.00381190537992925
0.00391020899266826
0.00378428287717614
0.00395651730610729
0.00395732973265886
0.00388827347577608
0.00395164274679792
0.00389558531474014
0.00392970722990575
0.00391508355197763
0.00375016096201053
0.00387852435715734
0.00392158296439013
0.00392483267059637
0.00392564509714794
0.00396139186541667
0.00398413980886041
0.00395651730610729
0.00383627817647611
0.00387771193060577
0.00395083032024636
0.00387202494474484
0.00396382914507135
0.0038728373712964
0.00392483267059637
0.00399551378058227
0.00387527465095109
0.00390127230060107
0.00392077053783856
0.00385821369336828
0.00381677993923862
0.00387771193060577
0.00382490420475424
0.0038963977412917
0.00375341066821678
0.00390370958025576
0.00384521486854329
0.00388908590232764
0.00392320781749325
0.00389396046163702
0.00391589597852919
0.00389396046163702
0.00388827347577608
0.00385252670750735
0.00385252670750735
0.00383709060302767
0.00385090185440423
0.00378347045062457
0.00389233560853389
0.0038663379588839
0.00379890655510425
0.00387202494474484
0.00380053140820738
0.00380540596751675
0.00387689950405421
0.00389477288818858
0.00385171428095579
0.00382896633751205
0.00383059119061517
0.00390939656611669
0.00391508355197763
0.0039028971537042
0.00394676818748855
0.00391345869887451
0.00387040009164172
0.00379484442234644
0.00390614685991045
0.003919958111287
0.00390614685991045
0.00391264627232294
0.00386065097302297
0.00388339891646671
0.00388502376956983
0.00390370958025576
0.00391752083163231
0.00380053140820738
0.00383709060302767
0.00383302847026986
0.00393295693611199
0.00399795106023696
0.0038192172188933
0.00389396046163702
0.00386146339957453
0.00381190537992925
0.00390370958025576
0.00384196516233704
0.00384683972164641
0.00395814215921042
0.00386146339957453
0.00385090185440423
0.00394433090783386
0.00386065097302297
0.00381190537992925
0.00388096163681202
0.00380378111441362
0.00390533443335888
0.00387202494474484
0.00378103317096989
0.00386308825267766
0.00382652905785736
0.00394758061404011
0.0038728373712964
0.00383546574992455
0.00390127230060107
0.00389721016784326
0.00388177406336358
0.00390939656611669
0.00386146339957453
0.00385333913405891
0.00397682796989635
0.00386958766509015
0.00393864392197293
0.00390127230060107
0.00393864392197293
0.0038257166313058
0.00386227582612609
0.00384359001544017
0.00383546574992455
0.00382409177820268
0.00384602729509485
0.0038793367837089
0.00382409177820268
0.00387202494474484
0.00382490420475424
0.00384440244199173
0.00391264627232294
0.00394108120162762
0.00391914568473544
0.00382246692509955
0.0038898983288792
0.00386552553233234
0.00394433090783386
0.00392564509714794
0.00382652905785736
0.00391914568473544
0.00387771193060577
0.00389152318198233
0.00384440244199173
0.00383465332337298
0.00392808237680262
0.00394758061404011
0.00383546574992455
0.00384440244199173
0.00392239539094169
0.00382490420475424
0.00391752083163231
0.00395164274679792
0.00384196516233704
0.00395651730610729
0.0038257166313058
0.00378428287717614
0.00380784324717144
0.00392564509714794
0.00392320781749325
0.00386715038543547
0.0038963977412917
0.00381028052682612
0.00385252670750735
0.0039735782636901
0.00383790302957923
0.00372660059201523
0.00378834500993395
0.00384196516233704
0.00384359001544017
0.00388908590232764
0.00383871545613079
0.00379646927544957
0.00387040009164172
0.00384196516233704
0.00383059119061517
0.00378022074441833
0.00389152318198233
0.00394920546714324
0.00388664862267296
0.00382246692509955
0.00387364979784796
0.00391589597852919
0.0040141995912682
0.00383952788268236
0.00379890655510425
0.00391345869887451
0.00390939656611669
0.00385171428095579
0.0038963977412917
0.00385902611991985
0.00382409177820268
0.00385983854647141
0.00388421134301827
0.00381190537992925
0.00389883502094639
0.00379728170200113
0.00389802259439483
0.00391183384577138
0.00387771193060577
0.00385983854647141
0.00388258648991515
0.00380296868786206
0.00387608707750265
0.00394758061404011
0.00395489245300417
0.00395164274679792
0.00383059119061517
0.00381271780648081
0.00385983854647141
0.00382327935165111
0.00376234736028396
0.00382327935165111
0.00379484442234644
0.00382327935165111
0.00389883502094639
0.00385415156061047
0.00394189362817918
0.00372416331236054
0.00387771193060577
0.00378022074441833
0.00383302847026986
0.00385740126681672
0.00394108120162762
0.00391183384577138
0.00384846457474954
0.00390533443335888
0.0038728373712964
0.00392808237680262
0.0039028971537042
0.00402963569574788
0.00399307650092759
0.00388827347577608
0.00381759236579018
0.00389964744749795
0.00394026877507605
0.00388258648991515
0.00386958766509015
0.00393620664231824
0.00385821369336828
0.0037615349337324
0.00381840479234174
0.00386471310578078
0.00395651730610729
0.00386877523853859
0.00382734148440893
0.00387608707750265
0.00382734148440893
0.00394676818748855
0.00392808237680262
0.00400770017885571
0.00389721016784326
0.00390777171301357
0.00390452200680732
0.003919958111287
0.00394026877507605
0.00392889480335418
0.00389477288818858
0.00388258648991515
0.00379890655510425
0.00391508355197763
0.00384521486854329
0.00394595576093699
0.00385415156061047
0.00391833325818388
0.00384683972164641
0.00387608707750265
0.0037615349337324
0.00389477288818858
0.00387040009164172
0.0038021562613105
0.0038492770013011
0.00395489245300417
0.00380784324717144
0.00392483267059637
0.0038728373712964
0.00384440244199173
